     1    0.1177910807E+00    0.8710483315E-01    0.2853174099E+03    0.1076348403E+01    0.5980000000E+03   -0.1000000000E+01    0.1672240803E-02
     2    0.3506235805E+00    0.7595666373E+00    0.3582353679E+03    0.0000000000E+00    0.5610000000E+03   -0.1000000000E+01    0.1782531194E-02
     3    0.8749270169E+00    0.9216831704E+00    0.3597736852E+03    0.0000000000E+00    0.5600000000E+03   -0.1000000000E+01    0.1785714286E-02
     4    0.2295679446E+00    0.9160332054E+00    0.9420556285E+02    0.0000000000E+00    0.5740000000E+03   -0.1000000000E+01    0.1742160279E-02
     5    0.7351646221E+00    0.2545882244E+00    0.2251257659E+03    0.0000000000E+00    0.5710000000E+03   -0.1000000000E+01    0.1751313485E-02
     6    0.4321056771E+00    0.3468705131E+00    0.3848899640E+03    0.2833729732E-01    0.5930000000E+03   -0.1000000000E+01    0.1686340641E-02
     7    0.1547824975E+00    0.4228031632E-01    0.2816429274E+03    0.1445004932E+01    0.5990000000E+03   -0.1000000000E+01    0.1669449082E-02
     8    0.7626588707E+00    0.3106311694E+00    0.2692150922E+03    0.0000000000E+00    0.5700000000E+03   -0.1000000000E+01    0.1754385965E-02
     9    0.4901008190E+00    0.1771334765E+00    0.2695551844E+03    0.2176721295E-01    0.5920000000E+03   -0.1000000000E+01    0.1689189189E-02
    10    0.8919982869E+00    0.8016576598E+00    0.4354165800E+03    0.0000000000E+00    0.5540000000E+03   -0.1000000000E+01    0.1805054152E-02
    11    0.3214851005E+00    0.2480576571E-01    0.2040796488E+03    0.2254974155E+01    0.6000000000E+03   -0.1000000000E+01    0.1666666667E-02
    12    0.6696641576E+00    0.8420989969E+00    0.6100075655E+03    0.0000000000E+00    0.5420000000E+03   -0.1000000000E+01    0.1845018450E-02
    13    0.4104486444E+00    0.4214057540E+00    0.4226373650E+03    0.4209859481E-02    0.5850000000E+03   -0.1000000000E+01    0.1709401709E-02
    14    0.9473522339E+00    0.1572078638E+00   -0.7877732026E+01    0.0000000000E+00    0.5790000000E+03   -0.1000000000E+01    0.1727115717E-02
    15    0.6127802305E+00    0.7276741884E+00    0.7489150987E+03    0.0000000000E+00    0.4860000000E+03   -0.1000000000E+01    0.2057613169E-02
    16    0.2802411352E+00    0.9985226992E+00    0.5841464715E+02    0.0000000000E+00    0.5750000000E+03   -0.1000000000E+01    0.1739130435E-02
    17    0.2446721585E-01    0.5826090749E+00    0.1584715522E+03    0.3606385042E-02    0.5840000000E+03   -0.1000000000E+01    0.1712328767E-02
    18    0.9905500458E+00    0.6424141585E+00    0.3873678325E+03    0.0000000000E+00    0.5590000000E+03   -0.1000000000E+01    0.1788908766E-02
    19    0.6434559353E+00    0.6976957326E+00    0.7899412327E+03    0.0000000000E+00    0.4230000000E+03   -0.1000000000E+01    0.2364066194E-02
    20    0.8134190430E+00    0.4651219262E+00    0.4067728576E+03    0.0000000000E+00    0.5570000000E+03   -0.1000000000E+01    0.1795332136E-02
    21    0.5210840043E-01    0.5883079061E+00    0.1806179710E+03    0.2054105911E-02    0.5820000000E+03   -0.1000000000E+01    0.1718213058E-02
    22    0.1780615648E+00    0.3836132348E+00    0.2904164078E+03    0.4539872046E+00    0.5970000000E+03   -0.1000000000E+01    0.1675041876E-02
    23    0.5809594872E+00    0.5051312121E+00    0.6021570593E+03    0.0000000000E+00    0.5430000000E+03   -0.1000000000E+01    0.1841620626E-02
    24    0.5081924105E+00    0.2120751163E+00    0.3011929492E+03    0.9099921495E-02    0.5890000000E+03   -0.1000000000E+01    0.1697792869E-02
    25    0.1000000000E+01    0.1000000000E+01    0.2798369857E+03    0.0000000000E+00    0.5680000000E+03   -0.1000000000E+01    0.1760563380E-02
    26    0.1000000000E+01    0.1000000000E+01    0.2798369857E+03    0.0000000000E+00    0.5680000000E+03   -0.1000000000E+01    0.1760563380E-02
    27    0.6536512495E+00    0.6227684552E+00    0.7594694629E+03    0.0000000000E+00    0.4700000000E+03   -0.1000000000E+01    0.2127659574E-02
    28    0.6595005702E+00    0.6665894888E+00    0.7939976459E+03    0.0000000000E+00    0.4030000000E+03   -0.1000000000E+01    0.2481389578E-02
    29    0.5387519173E+00    0.1525419371E+00    0.2359954388E+03    0.5771475168E-02    0.5870000000E+03   -0.1000000000E+01    0.1703577513E-02
    30    0.5461611547E+00    0.1545120441E+00    0.2368422393E+03    0.3018433307E-02    0.5830000000E+03   -0.1000000000E+01    0.1715265866E-02
    31    0.8023869316E+00    0.8240065891E+00    0.5139855067E+03    0.0000000000E+00    0.5480000000E+03   -0.1000000000E+01    0.1824817518E-02
    32    0.1140785712E+00    0.5602601455E+00    0.2503992333E+03    0.6252614818E-02    0.5880000000E+03   -0.1000000000E+01    0.1700680272E-02
    33    0.2553704977E+00    0.4511473773E+00    0.3430018027E+03    0.3530342766E-01    0.5940000000E+03   -0.1000000000E+01    0.1683501684E-02
    34    0.9086721259E+00    0.7735411862E+00    0.4403144106E+03    0.0000000000E+00    0.5530000000E+03   -0.1000000000E+01    0.1808318264E-02
    35    0.7123326052E+00    0.6685494043E+00    0.7851728628E+03    0.0000000000E+00    0.4360000000E+03   -0.1000000000E+01    0.2293577982E-02
    36    0.8909976711E+00    0.7015389427E+00    0.5147985789E+03    0.0000000000E+00    0.5470000000E+03   -0.1000000000E+01    0.1828153565E-02
    37    0.6193226954E+00    0.6841414937E+00    0.7736441046E+03    0.0000000000E+00    0.4530000000E+03   -0.1000000000E+01    0.2207505519E-02
    38    0.6369134705E+00    0.7412284274E+00    0.7526539747E+03    0.0000000000E+00    0.4830000000E+03   -0.1000000000E+01    0.2070393375E-02
    39    0.4136334675E+00    0.1679724802E+00    0.2674942899E+03    0.1802386367E+00    0.5950000000E+03   -0.1000000000E+01    0.1680672269E-02
    40    0.1000000000E+01    0.1663688601E+00    0.2182499271E+02    0.0000000000E+00    0.5770000000E+03   -0.1000000000E+01    0.1733102253E-02
    41    0.1167747068E+00    0.4380782651E+00    0.2603927376E+03    0.1974866161E+00    0.5960000000E+03   -0.1000000000E+01    0.1677852349E-02
    42    0.1481889485E+00    0.1000000000E+01    0.1061219983E+02    0.0000000000E+00    0.5780000000E+03   -0.1000000000E+01    0.1730103806E-02
    43    0.3139755641E-01    0.6085422328E+00    0.1493810701E+03    0.1364135277E-02    0.5810000000E+03   -0.1000000000E+01    0.1721170396E-02
    44    0.6171340574E+00    0.1568991498E+00    0.2131315418E+03    0.0000000000E+00    0.5720000000E+03   -0.1000000000E+01    0.1748251748E-02
    45    0.6590251589E+00    0.6529116168E+00    0.7863839902E+03    0.0000000000E+00    0.4330000000E+03   -0.1000000000E+01    0.2309468822E-02
    46    0.6540949340E+00    0.8868831127E+00    0.5421601768E+03    0.0000000000E+00    0.5450000000E+03   -0.1000000000E+01    0.1834862385E-02
    47    0.6234235106E+00    0.7364709940E+00    0.7488406527E+03    0.0000000000E+00    0.4870000000E+03   -0.1000000000E+01    0.2053388090E-02
    48    0.6328126552E+00    0.6888989271E+00    0.7843707436E+03    0.0000000000E+00    0.4370000000E+03   -0.1000000000E+01    0.2288329519E-02
    49    0.6415930616E+00    0.6834949843E+00    0.7898126786E+03    0.0000000000E+00    0.4240000000E+03   -0.1000000000E+01    0.2358490566E-02
    50    0.6613634439E+00    0.6807902371E+00    0.7984770971E+03    0.0000000000E+00    0.3710000000E+03   -0.1000000000E+01    0.2695417790E-02
    51    0.4928382603E+00    0.2690327736E+00    0.3473899557E+03    0.1044529312E-01    0.5900000000E+03   -0.1000000000E+01    0.1694915254E-02
    52    0.7719039149E+00    0.1137895281E+00    0.4461789238E+02    0.0000000000E+00    0.5760000000E+03   -0.1000000000E+01    0.1736111111E-02
    53    0.7332584806E+00    0.7727943615E+00    0.6650734693E+03    0.0000000000E+00    0.5360000000E+03   -0.1000000000E+01    0.1865671642E-02
    54    0.8795217499E+00    0.9367440567E+00    0.3477444143E+03    0.0000000000E+00    0.5640000000E+03   -0.1000000000E+01    0.1773049645E-02
    55    0.6336247708E+00    0.7016169695E+00    0.7828060900E+03    0.0000000000E+00    0.4390000000E+03   -0.1000000000E+01    0.2277904328E-02
    56    0.6366544112E+00    0.6802202568E+00    0.7861608817E+03    0.0000000000E+00    0.4350000000E+03   -0.1000000000E+01    0.2298850575E-02
    57    0.6596537244E+00    0.6697434464E+00    0.7952920743E+03    0.0000000000E+00    0.3960000000E+03   -0.1000000000E+01    0.2525252525E-02
    58    0.6588720047E+00    0.6675207419E+00    0.7941424715E+03    0.0000000000E+00    0.4020000000E+03   -0.1000000000E+01    0.2487562189E-02
    59    0.6352577745E+00    0.3444701442E+00    0.4530216341E+03    0.0000000000E+00    0.5510000000E+03   -0.1000000000E+01    0.1814882033E-02
    60    0.1555840208E+00    0.7668172790E+00    0.1809976877E+03    0.0000000000E+00    0.5730000000E+03   -0.1000000000E+01    0.1745200698E-02
    61    0.6340162669E+00    0.6610356145E+00    0.7768778190E+03    0.0000000000E+00    0.4480000000E+03   -0.1000000000E+01    0.2232142857E-02
    62    0.6641507553E+00    0.6355147479E+00    0.7753907615E+03    0.0000000000E+00    0.4490000000E+03   -0.1000000000E+01    0.2227171492E-02
    63    0.6070681036E-01    0.5544166945E+00    0.2030799195E+03    0.1126568746E-01    0.5910000000E+03   -0.1000000000E+01    0.1692047377E-02
    64    0.1000000000E+01    0.6135557857E+00    0.3576316345E+03    0.0000000000E+00    0.5620000000E+03   -0.1000000000E+01    0.1779359431E-02
    65    0.7026119962E+00    0.2856776973E+00    0.3237406291E+03    0.0000000000E+00    0.5650000000E+03   -0.1000000000E+01    0.1769911504E-02
    66    0.8177415837E+00    0.6915429610E+00    0.6297186990E+03    0.0000000000E+00    0.5390000000E+03   -0.1000000000E+01    0.1855287570E-02
    67    0.6616492402E+00    0.6940525320E+00    0.7977632145E+03    0.0000000000E+00    0.3770000000E+03   -0.1000000000E+01    0.2652519894E-02
    68    0.6834960201E+00    0.6633957994E+00    0.7966180203E+03    0.0000000000E+00    0.3880000000E+03   -0.1000000000E+01    0.2577319588E-02
    69    0.6207208466E+00    0.7843662491E+00    0.6797858792E+03    0.0000000000E+00    0.5350000000E+03   -0.1000000000E+01    0.1869158879E-02
    70    0.6355153193E+00    0.7293125367E+00    0.7650767760E+03    0.0000000000E+00    0.4630000000E+03   -0.1000000000E+01    0.2159827214E-02
    71    0.8227437701E+00    0.6921165150E+00    0.6215697857E+03    0.0000000000E+00    0.5410000000E+03   -0.1000000000E+01    0.1848428835E-02
    72    0.6916774116E+00    0.7458934216E+00    0.7440809449E+03    0.0000000000E+00    0.4950000000E+03   -0.1000000000E+01    0.2020202020E-02
    73    0.5277921172E+00    0.1000000000E+01    0.3064116205E+03    0.0000000000E+00    0.5660000000E+03   -0.1000000000E+01    0.1766784452E-02
    74    0.5862864540E+00    0.3972260468E+00    0.4987575088E+03    0.0000000000E+00    0.5490000000E+03   -0.1000000000E+01    0.1821493625E-02
    75    0.6577342989E+00    0.6647689286E+00    0.7924861929E+03    0.0000000000E+00    0.4090000000E+03   -0.1000000000E+01    0.2444987775E-02
    76    0.6427307673E+00    0.6862467975E+00    0.7907004302E+03    0.0000000000E+00    0.4190000000E+03   -0.1000000000E+01    0.2386634845E-02
    77    0.6735095211E+00    0.6658457323E+00    0.7973015708E+03    0.0000000000E+00    0.3820000000E+03   -0.1000000000E+01    0.2617801047E-02
    78    0.6713499430E+00    0.6783403042E+00    0.8001528011E+03    0.0000000000E+00    0.3510000000E+03   -0.1000000000E+01    0.2849002849E-02
    79    0.6593533938E+00    0.6754084739E+00    0.7968931053E+03    0.0000000000E+00    0.3870000000E+03   -0.1000000000E+01    0.2583979328E-02
    80    0.6615106203E+00    0.5734620299E+00    0.7129623173E+03    0.0000000000E+00    0.5300000000E+03   -0.1000000000E+01    0.1886792453E-02
    81    0.6602554385E+00    0.8101389727E+00    0.6594531786E+03    0.0000000000E+00    0.5370000000E+03   -0.1000000000E+01    0.1862197393E-02
    82    0.6394106360E+00    0.6251929541E+00    0.7534747117E+03    0.0000000000E+00    0.4790000000E+03   -0.1000000000E+01    0.2087682672E-02
    83    0.5556925704E+00    0.4206584044E-01    0.1133134729E+03    0.5326095992E-02    0.5860000000E+03   -0.1000000000E+01    0.1706484642E-02
    84    0.5605528933E+00    0.3321148049E+00    0.4264866662E+03    0.0000000000E+00    0.5550000000E+03   -0.1000000000E+01    0.1801801802E-02
    85    0.5971708159E+00    0.6829325858E+00    0.7533738314E+03    0.0000000000E+00    0.4800000000E+03   -0.1000000000E+01    0.2083333333E-02
    86    0.6616950648E+00    0.6919101833E+00    0.7982070982E+03    0.0000000000E+00    0.3730000000E+03   -0.1000000000E+01    0.2680965147E-02
    87    0.7465946552E+00    0.6393426654E+00    0.7386401877E+03    0.0000000000E+00    0.5020000000E+03   -0.1000000000E+01    0.1992031873E-02
    88    0.6978091299E+00    0.6373100929E+00    0.7790047053E+03    0.0000000000E+00    0.4460000000E+03   -0.1000000000E+01    0.2242152466E-02
    89    0.6617540631E+00    0.3676780433E+00    0.4768202859E+03    0.0000000000E+00    0.5500000000E+03   -0.1000000000E+01    0.1818181818E-02
    90    0.6348671553E+00    0.5706733522E+00    0.6979458518E+03    0.0000000000E+00    0.5340000000E+03   -0.1000000000E+01    0.1872659176E-02
    91    0.6695025411E+00    0.6156748074E+00    0.7591627751E+03    0.0000000000E+00    0.4710000000E+03   -0.1000000000E+01    0.2123142251E-02
    92    0.6048695550E+00    0.7914598969E+00    0.6534886277E+03    0.0000000000E+00    0.5380000000E+03   -0.1000000000E+01    0.1858736059E-02
    93    0.6384888307E+00    0.7693692526E+00    0.7150908818E+03    0.0000000000E+00    0.5290000000E+03   -0.1000000000E+01    0.1890359168E-02
    94    0.6597880837E+00    0.6526494118E+00    0.7865336520E+03    0.0000000000E+00    0.4320000000E+03   -0.1000000000E+01    0.2314814815E-02
    95    0.6607891499E+00    0.6716795447E+00    0.7963491874E+03    0.0000000000E+00    0.3910000000E+03   -0.1000000000E+01    0.2557544757E-02
    96    0.6594462987E+00    0.6766314343E+00    0.7972030236E+03    0.0000000000E+00    0.3840000000E+03   -0.1000000000E+01    0.2604166667E-02
    97    0.6595721320E+00    0.6727251247E+00    0.7962459813E+03    0.0000000000E+00    0.3920000000E+03   -0.1000000000E+01    0.2551020408E-02
    98    0.6595278911E+00    0.6736497561E+00    0.7964972690E+03    0.0000000000E+00    0.3900000000E+03   -0.1000000000E+01    0.2564102564E-02
    99    0.6706811878E+00    0.6782865688E+00    0.8000764484E+03    0.0000000000E+00    0.3540000000E+03   -0.1000000000E+01    0.2824858757E-02
   100    0.6744640726E+00    0.6791617626E+00    0.8004174719E+03    0.0000000000E+00    0.3240000000E+03   -0.1000000000E+01    0.3086419753E-02
   101    0.6666715827E+00    0.6759267787E+00    0.7990629696E+03    0.0000000000E+00    0.3680000000E+03   -0.1000000000E+01    0.2717391304E-02
   102    0.6663734250E+00    0.6943237088E+00    0.7984548483E+03    0.0000000000E+00    0.3720000000E+03   -0.1000000000E+01    0.2688172043E-02
   103    0.6113237227E+00    0.3413114539E+00    0.4478043454E+03    0.0000000000E+00    0.5520000000E+03   -0.1000000000E+01    0.1811594203E-02
   104    0.5997617812E+00    0.7169502074E+00    0.7454639592E+03    0.0000000000E+00    0.4920000000E+03   -0.1000000000E+01    0.2032520325E-02
   105    0.6643514364E+00    0.5999487650E+00    0.7418019515E+03    0.0000000000E+00    0.4990000000E+03   -0.1000000000E+01    0.2004008016E-02
   106    0.6683619505E+00    0.6771593001E+00    0.7995977156E+03    0.0000000000E+00    0.3630000000E+03   -0.1000000000E+01    0.2754820937E-02
   107    0.6394348239E+00    0.6903664838E+00    0.7887132863E+03    0.0000000000E+00    0.4270000000E+03   -0.1000000000E+01    0.2341920375E-02
   108    0.6862887455E+00    0.6848861371E+00    0.7985969271E+03    0.0000000000E+00    0.3700000000E+03   -0.1000000000E+01    0.2702702703E-02
   109    0.6637353565E+00    0.6578711121E+00    0.7912053192E+03    0.0000000000E+00    0.4140000000E+03   -0.1000000000E+01    0.2415458937E-02
   110    0.6909453171E+00    0.7272389228E+00    0.7675475299E+03    0.0000000000E+00    0.4580000000E+03   -0.1000000000E+01    0.2183406114E-02
   111    0.6417794177E+00    0.5857798546E+00    0.7170225834E+03    0.0000000000E+00    0.5270000000E+03   -0.1000000000E+01    0.1897533207E-02
   112    0.6526092924E+00    0.6821693688E+00    0.7954293837E+03    0.0000000000E+00    0.3940000000E+03   -0.1000000000E+01    0.2538071066E-02
   113    0.6968546997E+00    0.3333167226E+00    0.4039094357E+03    0.0000000000E+00    0.5580000000E+03   -0.1000000000E+01    0.1792114695E-02
   114    0.5663101898E+00    0.2844757796E+00    0.3776604587E+03    0.1057716250E-02    0.5800000000E+03   -0.1000000000E+01    0.1724137931E-02
   115    0.6612200782E+00    0.7663779140E+00    0.7261018374E+03    0.0000000000E+00    0.5150000000E+03   -0.1000000000E+01    0.1941747573E-02
   116    0.6718839278E+00    0.2796404335E+00    0.3506326844E+03    0.0000000000E+00    0.5630000000E+03   -0.1000000000E+01    0.1776198934E-02
   117    0.6597307006E+00    0.6781142512E+00    0.7975889456E+03    0.0000000000E+00    0.3780000000E+03   -0.1000000000E+01    0.2645502646E-02
   118    0.6593693225E+00    0.5782581643E+00    0.7173624525E+03    0.0000000000E+00    0.5260000000E+03   -0.1000000000E+01    0.1901140684E-02
   119    0.6651969265E+00    0.6582702109E+00    0.7919047353E+03    0.0000000000E+00    0.4120000000E+03   -0.1000000000E+01    0.2427184466E-02
   120    0.6638873154E+00    0.6848390219E+00    0.7993226762E+03    0.0000000000E+00    0.3660000000E+03   -0.1000000000E+01    0.2732240437E-02
   121    0.6722610582E+00    0.6783448597E+00    0.8002333426E+03    0.0000000000E+00    0.3470000000E+03   -0.1000000000E+01    0.2881844380E-02
   122    0.6735529574E+00    0.6791572072E+00    0.8003859440E+03    0.0000000000E+00    0.3360000000E+03   -0.1000000000E+01    0.2976190476E-02
   123    0.6744593279E+00    0.6788103247E+00    0.8003910939E+03    0.0000000000E+00    0.3340000000E+03   -0.1000000000E+01    0.2994011976E-02
   124    0.6706859325E+00    0.6786380067E+00    0.8001161114E+03    0.0000000000E+00    0.3520000000E+03   -0.1000000000E+01    0.2840909091E-02
   125    0.5918658572E+00    0.6830109696E+00    0.7481882627E+03    0.0000000000E+00    0.4880000000E+03   -0.1000000000E+01    0.2049180328E-02
   126    0.6835480041E+00    0.6810369302E+00    0.7996587089E+03    0.0000000000E+00    0.3610000000E+03   -0.1000000000E+01    0.2770083102E-02
   127    0.6783133972E+00    0.6811759016E+00    0.8003813716E+03    0.0000000000E+00    0.3370000000E+03   -0.1000000000E+01    0.2967359050E-02
   128    0.5895386064E+00    0.6800432530E+00    0.7454950996E+03    0.0000000000E+00    0.4910000000E+03   -0.1000000000E+01    0.2036659878E-02
   129    0.6152037762E+00    0.6794551371E+00    0.7693686236E+03    0.0000000000E+00    0.4540000000E+03   -0.1000000000E+01    0.2202643172E-02
   130    0.6758194057E+00    0.6780469297E+00    0.8003458109E+03    0.0000000000E+00    0.3420000000E+03   -0.1000000000E+01    0.2923976608E-02
   131    0.6618813151E+00    0.7410880836E+00    0.7606583668E+03    0.0000000000E+00    0.4670000000E+03   -0.1000000000E+01    0.2141327623E-02
   132    0.6620187350E+00    0.6364646705E+00    0.7753558643E+03    0.0000000000E+00    0.4500000000E+03   -0.1000000000E+01    0.2222222222E-02
   133    0.7409316728E+00    0.9657968470E+00    0.4094803678E+03    0.0000000000E+00    0.5560000000E+03   -0.1000000000E+01    0.1798561151E-02
   134    0.7178654390E+00    0.8809483284E+00    0.5279411815E+03    0.0000000000E+00    0.5460000000E+03   -0.1000000000E+01    0.1831501832E-02
   135    0.6753419226E+00    0.6793208336E+00    0.8004399201E+03    0.0000000000E+00    0.3070000000E+03   -0.1000000000E+01    0.3257328990E-02
   136    0.6704720929E+00    0.6781812332E+00    0.8000400276E+03    0.0000000000E+00    0.3560000000E+03   -0.1000000000E+01    0.2808988764E-02
   137    0.6297440815E+00    0.5914025909E+00    0.7153830362E+03    0.0000000000E+00    0.5280000000E+03   -0.1000000000E+01    0.1893939394E-02
   138    0.6864994088E+00    0.7007319932E+00    0.7927725012E+03    0.0000000000E+00    0.4070000000E+03   -0.1000000000E+01    0.2457002457E-02
   139    0.6590314332E+00    0.6744914310E+00    0.7965479210E+03    0.0000000000E+00    0.3890000000E+03   -0.1000000000E+01    0.2570694087E-02
   140    0.6582307569E+00    0.6639272537E+00    0.7922958406E+03    0.0000000000E+00    0.4100000000E+03   -0.1000000000E+01    0.2439024390E-02
   141    0.6709739681E+00    0.5879541623E+00    0.7311635780E+03    0.0000000000E+00    0.5110000000E+03   -0.1000000000E+01    0.1956947162E-02
   142    0.6741712922E+00    0.6786392473E+00    0.8003683430E+03    0.0000000000E+00    0.3410000000E+03   -0.1000000000E+01    0.2932551320E-02
   143    0.6707776787E+00    0.6625806690E+00    0.7955054074E+03    0.0000000000E+00    0.3930000000E+03   -0.1000000000E+01    0.2544529262E-02
   144    0.6750363368E+00    0.6788140317E+00    0.8004029295E+03    0.0000000000E+00    0.3280000000E+03   -0.1000000000E+01    0.3048780488E-02
   145    0.6712666952E+00    0.2354857191E+00    0.2833639723E+03    0.0000000000E+00    0.5670000000E+03   -0.1000000000E+01    0.1763668430E-02
   146    0.5994263501E+00    0.6840838991E+00    0.7556647450E+03    0.0000000000E+00    0.4740000000E+03   -0.1000000000E+01    0.2109704641E-02
   147    0.6749083263E+00    0.6787915299E+00    0.8003992960E+03    0.0000000000E+00    0.3310000000E+03   -0.1000000000E+01    0.3021148036E-02
   148    0.6748929242E+00    0.6793396284E+00    0.8004373627E+03    0.0000000000E+00    0.3120000000E+03   -0.1000000000E+01    0.3205128205E-02
   149    0.6754626367E+00    0.6794001516E+00    0.8004448240E+03    0.0000000000E+00    0.2950000000E+03   -0.1000000000E+01    0.3389830508E-02
   150    0.6749156228E+00    0.7091595171E+00    0.7909855945E+03    0.0000000000E+00    0.4160000000E+03   -0.1000000000E+01    0.2403846154E-02
   151    0.6702076913E+00    0.6790344415E+00    0.8001026796E+03    0.0000000000E+00    0.3530000000E+03   -0.1000000000E+01    0.2832861190E-02
   152    0.6688401917E+00    0.7615164975E+00    0.7325507710E+03    0.0000000000E+00    0.5100000000E+03   -0.1000000000E+01    0.1960784314E-02
   153    0.6637920259E+00    0.7698447422E+00    0.7209692464E+03    0.0000000000E+00    0.5200000000E+03   -0.1000000000E+01    0.1923076923E-02
   154    0.6707764773E+00    0.5836052869E+00    0.7264485007E+03    0.0000000000E+00    0.5140000000E+03   -0.1000000000E+01    0.1945525292E-02
   155    0.6678679503E+00    0.6802885548E+00    0.7998928823E+03    0.0000000000E+00    0.3570000000E+03   -0.1000000000E+01    0.2801120448E-02
   156    0.6657047292E+00    0.6629595326E+00    0.7944558139E+03    0.0000000000E+00    0.3990000000E+03   -0.1000000000E+01    0.2506265664E-02
   157    0.6403375993E+00    0.4992133584E+00    0.6239234719E+03    0.0000000000E+00    0.5400000000E+03   -0.1000000000E+01    0.1851851852E-02
   158    0.6004366631E+00    0.4644241838E+00    0.5713129691E+03    0.0000000000E+00    0.5440000000E+03   -0.1000000000E+01    0.1838235294E-02
   159    0.6792724623E+00    0.7369182442E+00    0.7624275547E+03    0.0000000000E+00    0.4650000000E+03   -0.1000000000E+01    0.2150537634E-02
   160    0.6764458378E+00    0.6794749560E+00    0.8004376773E+03    0.0000000000E+00    0.3110000000E+03   -0.1000000000E+01    0.3215434084E-02
   161    0.6768985925E+00    0.6795176335E+00    0.8004269811E+03    0.0000000000E+00    0.3180000000E+03   -0.1000000000E+01    0.3144654088E-02
   162    0.6689154230E+00    0.6779844334E+00    0.7998055584E+03    0.0000000000E+00    0.3580000000E+03   -0.1000000000E+01    0.2793296089E-02
   163    0.6686312270E+00    0.6783032969E+00    0.7998034531E+03    0.0000000000E+00    0.3590000000E+03   -0.1000000000E+01    0.2785515320E-02
   164    0.6832787276E+00    0.6798929334E+00    0.7997391209E+03    0.0000000000E+00    0.3600000000E+03   -0.1000000000E+01    0.2777777778E-02
   165    0.6747815426E+00    0.7454242614E+00    0.7532684928E+03    0.0000000000E+00    0.4820000000E+03   -0.1000000000E+01    0.2074688797E-02
   166    0.6841083841E+00    0.6810287280E+00    0.7995430986E+03    0.0000000000E+00    0.3650000000E+03   -0.1000000000E+01    0.2739726027E-02
   167    0.6738819908E+00    0.6791611650E+00    0.8003996386E+03    0.0000000000E+00    0.3300000000E+03   -0.1000000000E+01    0.3030303030E-02
   168    0.6741350392E+00    0.6791578048E+00    0.8004080577E+03    0.0000000000E+00    0.3260000000E+03   -0.1000000000E+01    0.3067484663E-02
   169    0.5844130862E+00    0.6669230256E+00    0.7367134179E+03    0.0000000000E+00    0.5070000000E+03   -0.1000000000E+01    0.1972386588E-02
   170    0.6867252332E+00    0.7530061881E+00    0.7376123741E+03    0.0000000000E+00    0.5040000000E+03   -0.1000000000E+01    0.1984126984E-02
   171    0.6745395623E+00    0.6786610448E+00    0.8003811568E+03    0.0000000000E+00    0.3380000000E+03   -0.1000000000E+01    0.2958579882E-02
   172    0.6745400563E+00    0.6787697324E+00    0.8003899529E+03    0.0000000000E+00    0.3350000000E+03   -0.1000000000E+01    0.2985074627E-02
   173    0.6749787777E+00    0.6795375411E+00    0.8004503345E+03    0.0000000000E+00    0.2810000000E+03   -0.1000000000E+01    0.3558718861E-02
   174    0.6773824516E+00    0.5813214527E+00    0.7250503404E+03    0.0000000000E+00    0.5170000000E+03   -0.1000000000E+01    0.1934235977E-02
   175    0.6750925477E+00    0.7448480879E+00    0.7539241110E+03    0.0000000000E+00    0.4780000000E+03   -0.1000000000E+01    0.2092050209E-02
   176    0.6771028403E+00    0.6790501475E+00    0.8003964665E+03    0.0000000000E+00    0.3330000000E+03   -0.1000000000E+01    0.3003003003E-02
   177    0.6751725314E+00    0.6793875681E+00    0.8004431083E+03    0.0000000000E+00    0.2980000000E+03   -0.1000000000E+01    0.3355704698E-02
   178    0.6751830295E+00    0.6793522119E+00    0.8004410371E+03    0.0000000000E+00    0.3050000000E+03   -0.1000000000E+01    0.3278688525E-02
   179    0.6753553434E+00    0.6793653228E+00    0.8004426329E+03    0.0000000000E+00    0.3000000000E+03   -0.1000000000E+01    0.3333333333E-02
   180    0.6754492159E+00    0.6793556625E+00    0.8004422166E+03    0.0000000000E+00    0.3020000000E+03   -0.1000000000E+01    0.3311258278E-02
   181    0.6760211937E+00    0.6793939190E+00    0.8004409778E+03    0.0000000000E+00    0.3060000000E+03   -0.1000000000E+01    0.3267973856E-02
   182    0.6763400355E+00    0.6211343921E+00    0.7660017870E+03    0.0000000000E+00    0.4610000000E+03   -0.1000000000E+01    0.2169197397E-02
   183    0.6754477933E+00    0.6794368503E+00    0.8004469341E+03    0.0000000000E+00    0.2890000000E+03   -0.1000000000E+01    0.3460207612E-02
   184    0.6753567660E+00    0.6792841350E+00    0.8004377266E+03    0.0000000000E+00    0.3100000000E+03   -0.1000000000E+01    0.3225806452E-02
   185    0.6770085049E+00    0.6786020441E+00    0.8003720617E+03    0.0000000000E+00    0.3400000000E+03   -0.1000000000E+01    0.2941176471E-02
   186    0.6747984140E+00    0.6797071193E+00    0.8004578061E+03    0.0000000000E+00    0.2750000000E+03   -0.1000000000E+01    0.3636363636E-02
   187    0.7545656144E+00    0.6786240090E+00    0.7337933769E+03    0.0000000000E+00    0.5080000000E+03   -0.1000000000E+01    0.1968503937E-02
   188    0.6718360943E+00    0.6790496798E+00    0.8002677249E+03    0.0000000000E+00    0.3450000000E+03   -0.1000000000E+01    0.2898550725E-02
   189    0.6741263925E+00    0.7657989004E+00    0.7250928426E+03    0.0000000000E+00    0.5160000000E+03   -0.1000000000E+01    0.1937984496E-02
   190    0.6753505694E+00    0.6791649727E+00    0.8004302012E+03    0.0000000000E+00    0.3150000000E+03   -0.1000000000E+01    0.3174603175E-02
   191    0.6746741595E+00    0.6793658388E+00    0.8004356070E+03    0.0000000000E+00    0.3130000000E+03   -0.1000000000E+01    0.3194888179E-02
   192    0.6752960791E+00    0.6794304788E+00    0.8004462835E+03    0.0000000000E+00    0.2910000000E+03   -0.1000000000E+01    0.3436426117E-02
   193    0.6741805095E+00    0.6793437454E+00    0.8004224956E+03    0.0000000000E+00    0.3210000000E+03   -0.1000000000E+01    0.3115264798E-02
   194    0.6751375592E+00    0.6791662712E+00    0.8004288938E+03    0.0000000000E+00    0.3160000000E+03   -0.1000000000E+01    0.3164556962E-02
   195    0.6757042027E+00    0.6795072056E+00    0.8004500587E+03    0.0000000000E+00    0.2820000000E+03   -0.1000000000E+01    0.3546099291E-02
   196    0.6000015906E+00    0.6563483699E+00    0.7462039522E+03    0.0000000000E+00    0.4900000000E+03   -0.1000000000E+01    0.2040816327E-02
   197    0.6748972593E+00    0.6795346776E+00    0.8004492759E+03    0.0000000000E+00    0.2830000000E+03   -0.1000000000E+01    0.3533568905E-02
   198    0.6752540497E+00    0.6793904317E+00    0.8004437476E+03    0.0000000000E+00    0.2960000000E+03   -0.1000000000E+01    0.3378378378E-02
   199    0.6847431080E+00    0.6349691651E+00    0.7790374907E+03    0.0000000000E+00    0.4450000000E+03   -0.1000000000E+01    0.2247191011E-02
   200    0.6748756551E+00    0.6660581605E+00    0.7975294225E+03    0.0000000000E+00    0.3790000000E+03   -0.1000000000E+01    0.2638522427E-02
   201    0.6747180689E+00    0.6797895380E+00    0.8004611685E+03    0.0000000000E+00    0.2700000000E+03   -0.1000000000E+01    0.3703703704E-02
   202    0.6750591228E+00    0.6794551224E+00    0.8004462669E+03    0.0000000000E+00    0.2920000000E+03   -0.1000000000E+01    0.3424657534E-02
   203    0.6603426039E+00    0.6811049155E+00    0.7982070162E+03    0.0000000000E+00    0.3740000000E+03   -0.1000000000E+01    0.2673796791E-02
   204    0.6916337304E+00    0.6802123673E+00    0.7973283054E+03    0.0000000000E+00    0.3810000000E+03   -0.1000000000E+01    0.2624671916E-02
   205    0.6748701181E+00    0.6795112861E+00    0.8004475674E+03    0.0000000000E+00    0.2870000000E+03   -0.1000000000E+01    0.3484320557E-02
   206    0.6749070735E+00    0.6797333743E+00    0.8004604925E+03    0.0000000000E+00    0.2730000000E+03   -0.1000000000E+01    0.3663003663E-02
   207    0.6755176931E+00    0.6453321197E+00    0.7861663867E+03    0.0000000000E+00    0.4340000000E+03   -0.1000000000E+01    0.2304147465E-02
   208    0.6747299368E+00    0.6793289505E+00    0.8004342128E+03    0.0000000000E+00    0.3140000000E+03   -0.1000000000E+01    0.3184713376E-02
   209    0.6757762562E+00    0.6794524381E+00    0.8004466088E+03    0.0000000000E+00    0.2900000000E+03   -0.1000000000E+01    0.3448275862E-02
   210    0.6756483593E+00    0.6795600590E+00    0.8004531885E+03    0.0000000000E+00    0.2790000000E+03   -0.1000000000E+01    0.3584229391E-02
   211    0.6765113113E+00    0.6799562415E+00    0.8004568524E+03    0.0000000000E+00    0.2760000000E+03   -0.1000000000E+01    0.3623188406E-02
   212    0.6709669432E+00    0.6788175273E+00    0.8001647611E+03    0.0000000000E+00    0.3500000000E+03   -0.1000000000E+01    0.2857142857E-02
   213    0.6747196245E+00    0.6790796270E+00    0.8004171639E+03    0.0000000000E+00    0.3250000000E+03   -0.1000000000E+01    0.3076923077E-02
   214    0.6754293589E+00    0.6797924650E+00    0.8004657238E+03    0.0000000000E+00    0.2580000000E+03   -0.1000000000E+01    0.3875968992E-02
   215    0.6734077092E+00    0.6793951189E+00    0.8003969873E+03    0.0000000000E+00    0.3320000000E+03   -0.1000000000E+01    0.3012048193E-02
   216    0.6721553256E+00    0.6790046453E+00    0.8002890543E+03    0.0000000000E+00    0.3440000000E+03   -0.1000000000E+01    0.2906976744E-02
   217    0.6753419785E+00    0.6518218085E+00    0.7904734392E+03    0.0000000000E+00    0.4210000000E+03   -0.1000000000E+01    0.2375296912E-02
   218    0.6750030741E+00    0.6794092147E+00    0.8004429766E+03    0.0000000000E+00    0.2990000000E+03   -0.1000000000E+01    0.3344481605E-02
   219    0.6756349406E+00    0.7189984094E+00    0.7829180218E+03    0.0000000000E+00    0.4380000000E+03   -0.1000000000E+01    0.2283105023E-02
   220    0.6531536759E+00    0.6795307963E+00    0.7952940029E+03    0.0000000000E+00    0.3950000000E+03   -0.1000000000E+01    0.2531645570E-02
   221    0.6748584286E+00    0.6798284181E+00    0.8004649593E+03    0.0000000000E+00    0.2610000000E+03   -0.1000000000E+01    0.3831417625E-02
   222    0.6751422827E+00    0.6798056758E+00    0.8004659857E+03    0.0000000000E+00    0.2500000000E+03   -0.1000000000E+01    0.4000000000E-02
   223    0.6750727940E+00    0.6793861952E+00    0.8004422477E+03    0.0000000000E+00    0.3010000000E+03   -0.1000000000E+01    0.3322259136E-02
   224    0.6761209310E+00    0.6793952919E+00    0.8004396847E+03    0.0000000000E+00    0.3080000000E+03   -0.1000000000E+01    0.3246753247E-02
   225    0.6751354908E+00    0.6798085704E+00    0.8004660988E+03    0.0000000000E+00    0.2450000000E+03   -0.1000000000E+01    0.4081632653E-02
   226    0.6745930316E+00    0.6797427291E+00    0.8004566548E+03    0.0000000000E+00    0.2770000000E+03   -0.1000000000E+01    0.3610108303E-02
   227    0.6758700008E+00    0.6790850427E+00    0.8004243543E+03    0.0000000000E+00    0.3200000000E+03   -0.1000000000E+01    0.3125000000E-02
   228    0.6763703988E+00    0.6791313760E+00    0.8004207161E+03    0.0000000000E+00    0.3230000000E+03   -0.1000000000E+01    0.3095975232E-02
   229    0.6742891973E+00    0.6793581841E+00    0.8004265026E+03    0.0000000000E+00    0.3190000000E+03   -0.1000000000E+01    0.3134796238E-02
   230    0.6758341781E+00    0.6793633172E+00    0.8004412190E+03    0.0000000000E+00    0.3040000000E+03   -0.1000000000E+01    0.3289473684E-02
   231    0.6128675110E+00    0.6797385848E+00    0.7673926057E+03    0.0000000000E+00    0.4590000000E+03   -0.1000000000E+01    0.2178649237E-02
   232    0.7313161263E+00    0.6797872545E+00    0.7645944315E+03    0.0000000000E+00    0.4640000000E+03   -0.1000000000E+01    0.2155172414E-02
   233    0.6747422822E+00    0.7398514489E+00    0.7604054625E+03    0.0000000000E+00    0.4690000000E+03   -0.1000000000E+01    0.2132196162E-02
   234    0.6754051455E+00    0.6797936877E+00    0.8004658210E+03    0.0000000000E+00    0.2570000000E+03   -0.1000000000E+01    0.3891050584E-02
   235    0.7569858830E+00    0.6793762268E+00    0.7300025494E+03    0.0000000000E+00    0.5130000000E+03   -0.1000000000E+01    0.1949317739E-02
   236    0.6753196426E+00    0.6793795276E+00    0.8004433685E+03    0.0000000000E+00    0.2970000000E+03   -0.1000000000E+01    0.3367003367E-02
   237    0.6748735728E+00    0.6798046488E+00    0.8004638946E+03    0.0000000000E+00    0.2650000000E+03   -0.1000000000E+01    0.3773584906E-02
   238    0.6754628596E+00    0.6797211906E+00    0.8004621483E+03    0.0000000000E+00    0.2660000000E+03   -0.1000000000E+01    0.3759398496E-02
   239    0.6753788344E+00    0.6794548883E+00    0.8004479054E+03    0.0000000000E+00    0.2860000000E+03   -0.1000000000E+01    0.3496503497E-02
   240    0.6753852461E+00    0.6794598977E+00    0.8004482007E+03    0.0000000000E+00    0.2850000000E+03   -0.1000000000E+01    0.3508771930E-02
   241    0.6760077646E+00    0.6082274646E+00    0.7533335050E+03    0.0000000000E+00    0.4810000000E+03   -0.1000000000E+01    0.2079002079E-02
   242    0.6746035117E+00    0.6796531679E+00    0.8004517915E+03    0.0000000000E+00    0.2800000000E+03   -0.1000000000E+01    0.3571428571E-02
   243    0.6751395369E+00    0.5968698289E+00    0.7414657611E+03    0.0000000000E+00    0.5000000000E+03   -0.1000000000E+01    0.2000000000E-02
   244    0.6751382366E+00    0.6798073994E+00    0.8004660533E+03    0.0000000000E+00    0.2460000000E+03   -0.1000000000E+01    0.4065040650E-02
   245    0.6754264904E+00    0.6797015861E+00    0.8004612202E+03    0.0000000000E+00    0.2690000000E+03   -0.1000000000E+01    0.3717472119E-02
   246    0.6754415147E+00    0.6798132921E+00    0.8004667024E+03    0.0000000000E+00    0.2360000000E+03   -0.1000000000E+01    0.4237288136E-02
   247    0.6750866864E+00    0.6798125554E+00    0.8004660438E+03    0.0000000000E+00    0.2470000000E+03   -0.1000000000E+01    0.4048582996E-02
   248    0.6747736652E+00    0.6797826584E+00    0.8004615599E+03    0.0000000000E+00    0.2670000000E+03   -0.1000000000E+01    0.3745318352E-02
   249    0.6751385175E+00    0.6798089224E+00    0.8004661307E+03    0.0000000000E+00    0.2440000000E+03   -0.1000000000E+01    0.4098360656E-02
   250    0.6751392559E+00    0.6798053237E+00    0.8004659538E+03    0.0000000000E+00    0.2520000000E+03   -0.1000000000E+01    0.3968253968E-02
   251    0.6754243833E+00    0.6793507376E+00    0.8004419014E+03    0.0000000000E+00    0.3030000000E+03   -0.1000000000E+01    0.3300330033E-02
   252    0.7374752259E+00    0.6794030112E+00    0.7570535822E+03    0.0000000000E+00    0.4730000000E+03   -0.1000000000E+01    0.2114164905E-02
   253    0.6752075752E+00    0.6787747866E+00    0.8004019953E+03    0.0000000000E+00    0.3290000000E+03   -0.1000000000E+01    0.3039513678E-02
   254    0.6748319668E+00    0.6795320857E+00    0.8004482986E+03    0.0000000000E+00    0.2840000000E+03   -0.1000000000E+01    0.3521126761E-02
   255    0.6753679435E+00    0.6798002234E+00    0.8004661725E+03    0.0000000000E+00    0.2430000000E+03   -0.1000000000E+01    0.4115226337E-02
   256    0.6751726928E+00    0.6798020346E+00    0.8004659320E+03    0.0000000000E+00    0.2530000000E+03   -0.1000000000E+01    0.3952569170E-02
   257    0.6760456962E+00    0.7683005663E+00    0.7208039042E+03    0.0000000000E+00    0.5210000000E+03   -0.1000000000E+01    0.1919385797E-02
   258    0.6756078977E+00    0.6798133513E+00    0.8004660166E+03    0.0000000000E+00    0.2480000000E+03   -0.1000000000E+01    0.4032258065E-02
   259    0.6902660191E+00    0.6797229407E+00    0.7978686121E+03    0.0000000000E+00    0.3750000000E+03   -0.1000000000E+01    0.2666666667E-02
   260    0.6751947981E+00    0.6091639382E+00    0.7541249809E+03    0.0000000000E+00    0.4770000000E+03   -0.1000000000E+01    0.2096436059E-02
   261    0.6748814372E+00    0.6793537595E+00    0.8004381005E+03    0.0000000000E+00    0.3090000000E+03   -0.1000000000E+01    0.3236245955E-02
   262    0.6747220724E+00    0.6797798397E+00    0.8004607076E+03    0.0000000000E+00    0.2720000000E+03   -0.1000000000E+01    0.3676470588E-02
   263    0.6616153493E+00    0.6412584556E+00    0.7790645790E+03    0.0000000000E+00    0.4440000000E+03   -0.1000000000E+01    0.2252252252E-02
   264    0.6666738174E+00    0.6799371789E+00    0.7996533835E+03    0.0000000000E+00    0.3620000000E+03   -0.1000000000E+01    0.2762430939E-02
   265    0.6752222615E+00    0.6794154458E+00    0.8004450702E+03    0.0000000000E+00    0.2940000000E+03   -0.1000000000E+01    0.3401360544E-02
   266    0.6752357787E+00    0.6794306470E+00    0.8004460363E+03    0.0000000000E+00    0.2930000000E+03   -0.1000000000E+01    0.3412969283E-02
   267    0.6760066685E+00    0.6479934474E+00    0.7880897667E+03    0.0000000000E+00    0.4290000000E+03   -0.1000000000E+01    0.2331002331E-02
   268    0.6750877824E+00    0.6400465726E+00    0.7821489717E+03    0.0000000000E+00    0.4400000000E+03   -0.1000000000E+01    0.2272727273E-02
   269    0.6754610375E+00    0.6797995363E+00    0.8004659947E+03    0.0000000000E+00    0.2490000000E+03   -0.1000000000E+01    0.4016064257E-02
   270    0.6753484207E+00    0.6798139792E+00    0.8004668483E+03    0.0000000000E+00    0.2330000000E+03   -0.1000000000E+01    0.4291845494E-02
   271    0.6638587683E+00    0.6798769620E+00    0.7990395370E+03    0.0000000000E+00    0.3690000000E+03   -0.1000000000E+01    0.2710027100E-02
   272    0.6446697662E+00    0.6800002391E+00    0.7910888674E+03    0.0000000000E+00    0.4150000000E+03   -0.1000000000E+01    0.2409638554E-02
   273    0.6761486530E+00    0.6796884264E+00    0.8004538618E+03    0.0000000000E+00    0.2780000000E+03   -0.1000000000E+01    0.3597122302E-02
   274    0.6748595844E+00    0.6792040157E+00    0.8004280804E+03    0.0000000000E+00    0.3170000000E+03   -0.1000000000E+01    0.3154574132E-02
   275    0.6649099089E+00    0.6799862543E+00    0.7992971414E+03    0.0000000000E+00    0.3670000000E+03   -0.1000000000E+01    0.2724795640E-02
   276    0.6765375736E+00    0.6797335830E+00    0.8004472893E+03    0.0000000000E+00    0.2880000000E+03   -0.1000000000E+01    0.3472222222E-02
   277    0.6755403847E+00    0.6798027228E+00    0.8004658683E+03    0.0000000000E+00    0.2560000000E+03   -0.1000000000E+01    0.3906250000E-02
   278    0.6754726585E+00    0.6798043161E+00    0.8004661921E+03    0.0000000000E+00    0.2420000000E+03   -0.1000000000E+01    0.4132231405E-02
   279    0.6754283858E+00    0.6798275722E+00    0.8004674128E+03    0.0000000000E+00    0.2290000000E+03   -0.1000000000E+01    0.4366812227E-02
   280    0.6754396193E+00    0.6796873061E+00    0.8004604776E+03    0.0000000000E+00    0.2740000000E+03   -0.1000000000E+01    0.3649635036E-02
   281    0.6753762472E+00    0.6797942119E+00    0.8004658756E+03    0.0000000000E+00    0.2550000000E+03   -0.1000000000E+01    0.3921568627E-02
   282    0.6474804393E+00    0.6798193036E+00    0.7925952962E+03    0.0000000000E+00    0.4080000000E+03   -0.1000000000E+01    0.2450980392E-02
   283    0.6749455487E+00    0.7771593491E+00    0.7080045519E+03    0.0000000000E+00    0.5320000000E+03   -0.1000000000E+01    0.1879699248E-02
   284    0.6755687600E+00    0.6799072433E+00    0.8004705400E+03    0.0000000000E+00    0.2160000000E+03   -0.1000000000E+01    0.4629629630E-02
   285    0.6747480189E+00    0.6797785919E+00    0.8004610012E+03    0.0000000000E+00    0.2710000000E+03   -0.1000000000E+01    0.3690036900E-02
   286    0.6747477187E+00    0.6797839062E+00    0.8004612808E+03    0.0000000000E+00    0.2680000000E+03   -0.1000000000E+01    0.3731343284E-02
   287    0.6753549806E+00    0.6559322931E+00    0.7928929415E+03    0.0000000000E+00    0.4060000000E+03   -0.1000000000E+01    0.2463054187E-02
   288    0.6754285127E+00    0.6757028075E+00    0.8000635326E+03    0.0000000000E+00    0.3550000000E+03   -0.1000000000E+01    0.2816901408E-02
   289    0.6752612740E+00    0.6798030646E+00    0.8004662390E+03    0.0000000000E+00    0.2410000000E+03   -0.1000000000E+01    0.4149377593E-02
   290    0.6753529334E+00    0.6798122621E+00    0.8004667634E+03    0.0000000000E+00    0.2350000000E+03   -0.1000000000E+01    0.4255319149E-02
   291    0.6754158741E+00    0.6798112621E+00    0.8004666552E+03    0.0000000000E+00    0.2370000000E+03   -0.1000000000E+01    0.4219409283E-02
   292    0.6755812717E+00    0.6799235534E+00    0.8004711905E+03    0.0000000000E+00    0.2110000000E+03   -0.1000000000E+01    0.4739336493E-02
   293    0.6503048081E+00    0.6793028483E+00    0.7939325258E+03    0.0000000000E+00    0.4040000000E+03   -0.1000000000E+01    0.2475247525E-02
   294    0.7627783156E+00    0.6799135142E+00    0.7211887312E+03    0.0000000000E+00    0.5190000000E+03   -0.1000000000E+01    0.1926782274E-02
   295    0.6754855580E+00    0.6799310399E+00    0.8004720121E+03    0.0000000000E+00    0.2040000000E+03   -0.1000000000E+01    0.4901960784E-02
   296    0.6755558606E+00    0.6797805196E+00    0.8004647393E+03    0.0000000000E+00    0.2630000000E+03   -0.1000000000E+01    0.3802281369E-02
   297    0.6755071366E+00    0.6797705460E+00    0.8004644549E+03    0.0000000000E+00    0.2640000000E+03   -0.1000000000E+01    0.3787878788E-02
   298    0.6755031382E+00    0.6799499895E+00    0.8004727775E+03    0.0000000000E+00    0.1950000000E+03   -0.1000000000E+01    0.5128205128E-02
   299    0.6751039210E+00    0.6798083481E+00    0.8004659285E+03    0.0000000000E+00    0.2540000000E+03   -0.1000000000E+01    0.3937007874E-02
   300    0.6750468129E+00    0.6798001106E+00    0.8004651653E+03    0.0000000000E+00    0.2600000000E+03   -0.1000000000E+01    0.3846153846E-02
   301    0.6756137164E+00    0.6798491510E+00    0.8004676371E+03    0.0000000000E+00    0.2270000000E+03   -0.1000000000E+01    0.4405286344E-02
   302    0.6753834294E+00    0.6798856646E+00    0.8004702243E+03    0.0000000000E+00    0.2190000000E+03   -0.1000000000E+01    0.4566210046E-02
   303    0.6752366937E+00    0.6797984540E+00    0.8004659572E+03    0.0000000000E+00    0.2510000000E+03   -0.1000000000E+01    0.3984063745E-02
   304    0.6579452258E+00    0.6797895281E+00    0.7972467849E+03    0.0000000000E+00    0.3830000000E+03   -0.1000000000E+01    0.2610966057E-02
   305    0.7635350284E+00    0.6799062848E+00    0.7200503709E+03    0.0000000000E+00    0.5220000000E+03   -0.1000000000E+01    0.1915708812E-02
   306    0.6756199566E+00    0.6522856606E+00    0.7907997294E+03    0.0000000000E+00    0.4170000000E+03   -0.1000000000E+01    0.2398081535E-02
   307    0.6750480681E+00    0.6798082709E+00    0.8004655879E+03    0.0000000000E+00    0.2590000000E+03   -0.1000000000E+01    0.3861003861E-02
   308    0.6754388701E+00    0.6798146307E+00    0.8004667721E+03    0.0000000000E+00    0.2340000000E+03   -0.1000000000E+01    0.4273504274E-02
   309    0.6753639659E+00    0.7355008843E+00    0.7655196968E+03    0.0000000000E+00    0.4620000000E+03   -0.1000000000E+01    0.2164502165E-02
   310    0.6754128406E+00    0.6798286263E+00    0.8004674915E+03    0.0000000000E+00    0.2280000000E+03   -0.1000000000E+01    0.4385964912E-02
   311    0.6752030002E+00    0.6798833235E+00    0.8004700023E+03    0.0000000000E+00    0.2210000000E+03   -0.1000000000E+01    0.4524886878E-02
   312    0.6749582118E+00    0.6798682450E+00    0.8004679262E+03    0.0000000000E+00    0.2250000000E+03   -0.1000000000E+01    0.4444444444E-02
   313    0.6753540880E+00    0.6798054703E+00    0.8004664337E+03    0.0000000000E+00    0.2390000000E+03   -0.1000000000E+01    0.4184100418E-02
   314    0.6567243026E+00    0.7408935203E+00    0.7604590431E+03    0.0000000000E+00    0.4680000000E+03   -0.1000000000E+01    0.2136752137E-02
   315    0.6754899004E+00    0.6799263285E+00    0.8004717835E+03    0.0000000000E+00    0.2050000000E+03   -0.1000000000E+01    0.4878048780E-02
   316    0.6754987957E+00    0.6799547009E+00    0.8004730050E+03    0.0000000000E+00    0.1860000000E+03   -0.1000000000E+01    0.5376344086E-02
   317    0.6755044304E+00    0.6799092487E+00    0.8004709548E+03    0.0000000000E+00    0.2140000000E+03   -0.1000000000E+01    0.4672897196E-02
   318    0.6752673298E+00    0.6798813182E+00    0.8004700323E+03    0.0000000000E+00    0.2200000000E+03   -0.1000000000E+01    0.4545454545E-02
   319    0.6755062883E+00    0.6799223907E+00    0.8004715375E+03    0.0000000000E+00    0.2080000000E+03   -0.1000000000E+01    0.4807692308E-02
   320    0.6754824078E+00    0.6799586387E+00    0.8004732484E+03    0.0000000000E+00    0.1740000000E+03   -0.1000000000E+01    0.5747126437E-02
   321    0.6751187545E+00    0.6798347745E+00    0.8004673231E+03    0.0000000000E+00    0.2300000000E+03   -0.1000000000E+01    0.4347826087E-02
   322    0.6753980071E+00    0.6798022000E+00    0.8004662430E+03    0.0000000000E+00    0.2400000000E+03   -0.1000000000E+01    0.4166666667E-02
   323    0.6754996143E+00    0.6799477547E+00    0.8004726950E+03    0.0000000000E+00    0.1990000000E+03   -0.1000000000E+01    0.5025125628E-02
   324    0.6755722839E+00    0.6799094781E+00    0.8004706194E+03    0.0000000000E+00    0.2150000000E+03   -0.1000000000E+01    0.4651162791E-02
   325    0.6754833931E+00    0.6799487928E+00    0.8004728105E+03    0.0000000000E+00    0.1920000000E+03   -0.1000000000E+01    0.5208333333E-02
   326    0.6756010168E+00    0.6799247500E+00    0.8004711165E+03    0.0000000000E+00    0.2120000000E+03   -0.1000000000E+01    0.4716981132E-02
   327    0.7647959125E+00    0.6798909990E+00    0.7181481529E+03    0.0000000000E+00    0.5250000000E+03   -0.1000000000E+01    0.1904761905E-02
   328    0.6403644940E+00    0.6798222377E+00    0.7884849609E+03    0.0000000000E+00    0.4280000000E+03   -0.1000000000E+01    0.2336448598E-02
   329    0.6753121780E+00    0.6799290443E+00    0.8004722822E+03    0.0000000000E+00    0.2030000000E+03   -0.1000000000E+01    0.4926108374E-02
   330    0.6755263134E+00    0.6798142577E+00    0.8004664751E+03    0.0000000000E+00    0.2380000000E+03   -0.1000000000E+01    0.4201680672E-02
   331    0.6748672359E+00    0.6799485634E+00    0.8004710453E+03    0.0000000000E+00    0.2130000000E+03   -0.1000000000E+01    0.4694835681E-02
   332    0.6756722477E+00    0.6798432350E+00    0.8004669538E+03    0.0000000000E+00    0.2320000000E+03   -0.1000000000E+01    0.4310344828E-02
   333    0.6755678243E+00    0.6799042936E+00    0.8004704139E+03    0.0000000000E+00    0.2180000000E+03   -0.1000000000E+01    0.4587155963E-02
   334    0.6755822074E+00    0.6799265032E+00    0.8004713158E+03    0.0000000000E+00    0.2090000000E+03   -0.1000000000E+01    0.4784688995E-02
   335    0.6750634052E+00    0.6667732738E+00    0.7978023884E+03    0.0000000000E+00    0.3760000000E+03   -0.1000000000E+01    0.2659574468E-02
   336    0.6750653489E+00    0.6784725395E+00    0.8003762971E+03    0.0000000000E+00    0.3390000000E+03   -0.1000000000E+01    0.2949852507E-02
   337    0.6754702154E+00    0.6799872944E+00    0.8004745509E+03    0.0000000000E+00    0.1580000000E+03   -0.1000000000E+01    0.6329113924E-02
   338    0.6125349825E+00    0.6799651384E+00    0.7671460359E+03    0.0000000000E+00    0.4600000000E+03   -0.1000000000E+01    0.2173913043E-02
   339    0.6755982543E+00    0.6799269873E+00    0.8004712335E+03    0.0000000000E+00    0.2100000000E+03   -0.1000000000E+01    0.4761904762E-02
   340    0.6754926629E+00    0.6799240913E+00    0.8004716715E+03    0.0000000000E+00    0.2060000000E+03   -0.1000000000E+01    0.4854368932E-02
   341    0.6754775823E+00    0.6799528736E+00    0.8004730145E+03    0.0000000000E+00    0.1840000000E+03   -0.1000000000E+01    0.5434782609E-02
   342    0.6755079636E+00    0.6799557546E+00    0.8004730089E+03    0.0000000000E+00    0.1850000000E+03   -0.1000000000E+01    0.5405405405E-02
   343    0.6754914083E+00    0.6799528073E+00    0.8004729539E+03    0.0000000000E+00    0.1880000000E+03   -0.1000000000E+01    0.5319148936E-02
   344    0.6754897952E+00    0.6799605323E+00    0.8004733007E+03    0.0000000000E+00    0.1700000000E+03   -0.1000000000E+01    0.5882352941E-02
   345    0.6754824302E+00    0.6799502813E+00    0.8004728801E+03    0.0000000000E+00    0.1900000000E+03   -0.1000000000E+01    0.5263157895E-02
   346    0.6754833707E+00    0.6799571502E+00    0.8004731791E+03    0.0000000000E+00    0.1770000000E+03   -0.1000000000E+01    0.5649717514E-02
   347    0.6753898790E+00    0.6798451463E+00    0.8004683128E+03    0.0000000000E+00    0.2240000000E+03   -0.1000000000E+01    0.4464285714E-02
   348    0.6752902914E+00    0.6798647983E+00    0.8004692712E+03    0.0000000000E+00    0.2230000000E+03   -0.1000000000E+01    0.4484304933E-02
   349    0.6754752036E+00    0.6799537370E+00    0.8004730625E+03    0.0000000000E+00    0.1820000000E+03   -0.1000000000E+01    0.5494505495E-02
   350    0.6755059999E+00    0.6799596025E+00    0.8004731865E+03    0.0000000000E+00    0.1750000000E+03   -0.1000000000E+01    0.5714285714E-02
   351    0.6754907716E+00    0.6799528710E+00    0.8004729595E+03    0.0000000000E+00    0.1870000000E+03   -0.1000000000E+01    0.5347593583E-02
   352    0.6754904319E+00    0.6799604685E+00    0.8004732948E+03    0.0000000000E+00    0.1710000000E+03   -0.1000000000E+01    0.5847953216E-02
   353    0.6753089341E+00    0.6798665323E+00    0.8004693641E+03    0.0000000000E+00    0.2220000000E+03   -0.1000000000E+01    0.4504504505E-02
   354    0.6752783800E+00    0.6798906086E+00    0.8004704827E+03    0.0000000000E+00    0.2170000000E+03   -0.1000000000E+01    0.4608294931E-02
   355    0.6754849885E+00    0.6799573511E+00    0.8004731811E+03    0.0000000000E+00    0.1760000000E+03   -0.1000000000E+01    0.5681818182E-02
   356    0.6754962150E+00    0.6799559884E+00    0.8004730729E+03    0.0000000000E+00    0.1810000000E+03   -0.1000000000E+01    0.5524861878E-02
   357    0.6754847081E+00    0.6799486143E+00    0.8004727968E+03    0.0000000000E+00    0.1940000000E+03   -0.1000000000E+01    0.5154639175E-02
   358    0.6754982993E+00    0.6799479332E+00    0.8004727083E+03    0.0000000000E+00    0.1980000000E+03   -0.1000000000E+01    0.5050505051E-02
   359    0.6754816678E+00    0.6799216823E+00    0.8004716089E+03    0.0000000000E+00    0.2070000000E+03   -0.1000000000E+01    0.4830917874E-02
   360    0.6755026858E+00    0.6799640585E+00    0.8004733973E+03    0.0000000000E+00    0.1670000000E+03   -0.1000000000E+01    0.5988023952E-02
   361    0.6755053471E+00    0.6799508475E+00    0.8004728050E+03    0.0000000000E+00    0.1930000000E+03   -0.1000000000E+01    0.5181347150E-02
   362    0.6754766974E+00    0.6799471884E+00    0.8004727658E+03    0.0000000000E+00    0.1970000000E+03   -0.1000000000E+01    0.5076142132E-02
   363    0.6754992274E+00    0.6799978480E+00    0.8004748776E+03    0.0000000000E+00    0.1500000000E+03   -0.1000000000E+01    0.6666666667E-02
   364    0.6754614199E+00    0.6799499148E+00    0.8004729452E+03    0.0000000000E+00    0.1890000000E+03   -0.1000000000E+01    0.5291005291E-02
   365    0.6754971831E+00    0.6799552370E+00    0.8004730358E+03    0.0000000000E+00    0.1830000000E+03   -0.1000000000E+01    0.5464480874E-02
   366    0.6754925245E+00    0.6799455035E+00    0.8004726268E+03    0.0000000000E+00    0.2000000000E+03   -0.1000000000E+01    0.5000000000E-02
   367    0.6754864341E+00    0.6799562328E+00    0.8004731263E+03    0.0000000000E+00    0.1790000000E+03   -0.1000000000E+01    0.5586592179E-02
   368    0.6755659887E+00    0.6799575647E+00    0.8004727753E+03    0.0000000000E+00    0.1960000000E+03   -0.1000000000E+01    0.5102040816E-02
   369    0.6754820792E+00    0.6799502289E+00    0.8004728800E+03    0.0000000000E+00    0.1910000000E+03   -0.1000000000E+01    0.5235602094E-02
   370    0.6754785681E+00    0.5954669462E+00    0.7400464061E+03    0.0000000000E+00    0.5010000000E+03   -0.1000000000E+01    0.1996007984E-02
   371    0.6775550331E+00    0.7086324285E+00    0.7907789214E+03    0.0000000000E+00    0.4180000000E+03   -0.1000000000E+01    0.2392344498E-02
   372    0.6754586501E+00    0.6799806248E+00    0.8004743070E+03    0.0000000000E+00    0.1620000000E+03   -0.1000000000E+01    0.6172839506E-02
   373    0.6754947516E+00    0.6798383463E+00    0.8004677326E+03    0.0000000000E+00    0.2260000000E+03   -0.1000000000E+01    0.4424778761E-02
   374    0.6750220100E+00    0.6797986282E+00    0.8004649155E+03    0.0000000000E+00    0.2620000000E+03   -0.1000000000E+01    0.3816793893E-02
   375    0.6754598885E+00    0.6800014852E+00    0.8004752067E+03    0.0000000000E+00    0.1420000000E+03   -0.1000000000E+01    0.7042253521E-02
   376    0.6754572969E+00    0.6800052662E+00    0.8004753795E+03    0.0000000000E+00    0.1360000000E+03   -0.1000000000E+01    0.7352941176E-02
   377    0.6754908369E+00    0.6799697701E+00    0.8004737008E+03    0.0000000000E+00    0.1660000000E+03   -0.1000000000E+01    0.6024096386E-02
   378    0.6754820643E+00    0.6799815827E+00    0.8004742541E+03    0.0000000000E+00    0.1640000000E+03   -0.1000000000E+01    0.6097560976E-02
   379    0.6754891286E+00    0.6846174753E+00    0.8004067173E+03    0.0000000000E+00    0.3270000000E+03   -0.1000000000E+01    0.3058103976E-02
   380    0.6754837726E+00    0.6397064212E+00    0.7819559146E+03    0.0000000000E+00    0.4410000000E+03   -0.1000000000E+01    0.2267573696E-02
   381    0.6754294716E+00    0.6800230419E+00    0.8004762440E+03    0.0000000000E+00    0.1130000000E+03   -0.1000000000E+01    0.8849557522E-02
   382    0.6754670033E+00    0.6799911145E+00    0.8004747301E+03    0.0000000000E+00    0.1530000000E+03   -0.1000000000E+01    0.6535947712E-02
   383    0.6754856847E+00    0.6799606545E+00    0.8004733242E+03    0.0000000000E+00    0.1680000000E+03   -0.1000000000E+01    0.5952380952E-02
   384    0.6754994090E+00    0.6799620427E+00    0.8004733236E+03    0.0000000000E+00    0.1690000000E+03   -0.1000000000E+01    0.5917159763E-02
   385    0.6754893792E+00    0.6799599974E+00    0.8004732789E+03    0.0000000000E+00    0.1720000000E+03   -0.1000000000E+01    0.5813953488E-02
   386    0.7639477601E+00    0.6799703050E+00    0.7194037862E+03    0.0000000000E+00    0.5230000000E+03   -0.1000000000E+01    0.1912045889E-02
   387    0.6754496203E+00    0.6799968123E+00    0.8004750431E+03    0.0000000000E+00    0.1460000000E+03   -0.1000000000E+01    0.6849315068E-02
   388    0.6755094955E+00    0.6800025209E+00    0.8004750274E+03    0.0000000000E+00    0.1480000000E+03   -0.1000000000E+01    0.6756756757E-02
   389    0.6754720167E+00    0.6800303351E+00    0.8004763879E+03    0.0000000000E+00    0.1110000000E+03   -0.1000000000E+01    0.9009009009E-02
   390    0.6754244582E+00    0.6352937110E+00    0.7783962901E+03    0.0000000000E+00    0.4470000000E+03   -0.1000000000E+01    0.2237136465E-02
   391    0.6754755509E+00    0.6798260257E+00    0.8004672171E+03    0.0000000000E+00    0.2310000000E+03   -0.1000000000E+01    0.4329004329E-02
   392    0.6755125824E+00    0.6799461079E+00    0.8004725615E+03    0.0000000000E+00    0.2020000000E+03   -0.1000000000E+01    0.4950495050E-02
   393    0.6754563384E+00    0.6799996008E+00    0.8004751392E+03    0.0000000000E+00    0.1430000000E+03   -0.1000000000E+01    0.6993006993E-02
   394    0.6754608469E+00    0.6800071505E+00    0.8004754472E+03    0.0000000000E+00    0.1340000000E+03   -0.1000000000E+01    0.7462686567E-02
   395    0.6754839823E+00    0.6799593304E+00    0.8004732731E+03    0.0000000000E+00    0.1730000000E+03   -0.1000000000E+01    0.5780346821E-02
   396    0.6754979174E+00    0.6799573125E+00    0.8004731233E+03    0.0000000000E+00    0.1800000000E+03   -0.1000000000E+01    0.5555555556E-02
   397    0.6754162867E+00    0.6800090248E+00    0.8004756834E+03    0.0000000000E+00    0.1270000000E+03   -0.1000000000E+01    0.7874015748E-02
   398    0.6755124123E+00    0.6800118652E+00    0.8004754108E+03    0.0000000000E+00    0.1350000000E+03   -0.1000000000E+01    0.7407407407E-02
   399    0.6754536758E+00    0.6800115772E+00    0.8004756646E+03    0.0000000000E+00    0.1290000000E+03   -0.1000000000E+01    0.7751937984E-02
   400    0.6754330927E+00    0.6800167309E+00    0.8004759605E+03    0.0000000000E+00    0.1250000000E+03   -0.1000000000E+01    0.8000000000E-02
   401    0.6754670877E+00    0.6799857339E+00    0.8004744961E+03    0.0000000000E+00    0.1590000000E+03   -0.1000000000E+01    0.6289308176E-02
   402    0.6754701309E+00    0.7210024182E+00    0.7810965145E+03    0.0000000000E+00    0.4420000000E+03   -0.1000000000E+01    0.2262443439E-02
   403    0.6754581563E+00    0.6800021290E+00    0.8004752410E+03    0.0000000000E+00    0.1410000000E+03   -0.1000000000E+01    0.7092198582E-02
   404    0.6754603823E+00    0.6799799809E+00    0.8004742720E+03    0.0000000000E+00    0.1630000000E+03   -0.1000000000E+01    0.6134969325E-02
   405    0.6754670189E+00    0.6800079938E+00    0.8004754577E+03    0.0000000000E+00    0.1330000000E+03   -0.1000000000E+01    0.7518796992E-02
   406    0.6754572812E+00    0.6799883869E+00    0.8004746498E+03    0.0000000000E+00    0.1560000000E+03   -0.1000000000E+01    0.6410256410E-02
   407    0.6754793751E+00    0.6799833974E+00    0.8004743443E+03    0.0000000000E+00    0.1610000000E+03   -0.1000000000E+01    0.6211180124E-02
   408    0.6754626457E+00    0.6799543775E+00    0.8004731386E+03    0.0000000000E+00    0.1780000000E+03   -0.1000000000E+01    0.5617977528E-02
   409    0.6149987945E+00    0.6799521681E+00    0.7692954539E+03    0.0000000000E+00    0.4550000000E+03   -0.1000000000E+01    0.2197802198E-02
   410    0.6754779045E+00    0.6799435642E+00    0.8004726015E+03    0.0000000000E+00    0.2010000000E+03   -0.1000000000E+01    0.4975124378E-02
   411    0.6755094806E+00    0.6800092163E+00    0.8004753129E+03    0.0000000000E+00    0.1380000000E+03   -0.1000000000E+01    0.7246376812E-02
   412    0.6755124272E+00    0.6800051698E+00    0.8004751252E+03    0.0000000000E+00    0.1440000000E+03   -0.1000000000E+01    0.6944444444E-02
   413    0.6754330573E+00    0.6800210698E+00    0.8004761467E+03    0.0000000000E+00    0.1140000000E+03   -0.1000000000E+01    0.8771929825E-02
   414    0.6754295070E+00    0.6800187031E+00    0.8004760590E+03    0.0000000000E+00    0.1190000000E+03   -0.1000000000E+01    0.8403361345E-02
   415    0.6754670583E+00    0.6800132413E+00    0.8004756820E+03    0.0000000000E+00    0.1280000000E+03   -0.1000000000E+01    0.7812500000E-02
   416    0.6754586342E+00    0.7571535081E+00    0.7370722145E+03    0.0000000000E+00    0.5060000000E+03   -0.1000000000E+01    0.1976284585E-02
   417    0.6754914870E+00    0.6799925197E+00    0.8004746852E+03    0.0000000000E+00    0.1550000000E+03   -0.1000000000E+01    0.6451612903E-02
   418    0.6754777128E+00    0.6799930524E+00    0.8004747694E+03    0.0000000000E+00    0.1510000000E+03   -0.1000000000E+01    0.6622516556E-02
   419    0.6754622090E+00    0.6800028889E+00    0.8004752574E+03    0.0000000000E+00    0.1390000000E+03   -0.1000000000E+01    0.7194244604E-02
   420    0.5986745238E+00    0.6800209925E+00    0.7543945760E+03    0.0000000000E+00    0.4760000000E+03   -0.1000000000E+01    0.2100840336E-02
   421    0.6754650666E+00    0.6799848943E+00    0.8004744682E+03    0.0000000000E+00    0.1600000000E+03   -0.1000000000E+01    0.6250000000E-02
   422    0.7058499710E+00    0.6800033605E+00    0.7894380382E+03    0.0000000000E+00    0.4250000000E+03   -0.1000000000E+01    0.2352941176E-02
   423    0.7337124697E+00    0.6800317128E+00    0.7615965794E+03    0.0000000000E+00    0.4660000000E+03   -0.1000000000E+01    0.2145922747E-02
   424    0.6754457130E+00    0.6800216642E+00    0.8004761267E+03    0.0000000000E+00    0.1160000000E+03   -0.1000000000E+01    0.8620689655E-02
   425    0.6754829271E+00    0.6799928018E+00    0.8004747356E+03    0.0000000000E+00    0.1520000000E+03   -0.1000000000E+01    0.6578947368E-02
   426    0.6754684646E+00    0.6800209307E+00    0.8004760041E+03    0.0000000000E+00    0.1230000000E+03   -0.1000000000E+01    0.8130081301E-02
   427    0.6754586505E+00    0.6790172063E+00    0.8004208325E+03    0.0000000000E+00    0.3220000000E+03   -0.1000000000E+01    0.3105590062E-02
   428    0.6754428378E+00    0.6800293869E+00    0.8004764665E+03    0.0000000000E+00    0.1090000000E+03   -0.1000000000E+01    0.9174311927E-02
   429    0.6754583292E+00    0.6799959127E+00    0.8004749723E+03    0.0000000000E+00    0.1490000000E+03   -0.1000000000E+01    0.6711409396E-02
   430    0.6754485880E+00    0.7269547117E+00    0.7751210845E+03    0.0000000000E+00    0.4510000000E+03   -0.1000000000E+01    0.2217294900E-02
   431    0.6754916185E+00    0.6800356393E+00    0.8004765204E+03    0.0000000000E+00    0.1070000000E+03   -0.1000000000E+01    0.9345794393E-02
   432    0.6755293045E+00    0.6800445115E+00    0.8004766904E+03    0.0000000000E+00    0.1050000000E+03   -0.1000000000E+01    0.9523809524E-02
   433    0.6754310588E+00    0.6458790754E+00    0.7865399010E+03    0.0000000000E+00    0.4310000000E+03   -0.1000000000E+01    0.2320185615E-02
   434    0.6754704648E+00    0.6800212675E+00    0.8004760098E+03    0.0000000000E+00    0.1210000000E+03   -0.1000000000E+01    0.8264462810E-02
   435    0.6754898554E+00    0.6799813706E+00    0.8004742100E+03    0.0000000000E+00    0.1650000000E+03   -0.1000000000E+01    0.6060606061E-02
   436    0.6755223761E+00    0.6800559427E+00    0.8004772034E+03    0.0000000000E+00    0.9300000000E+02   -0.1000000000E+01    0.1075268817E-01
   437    0.6803893890E+00    0.6799955897E+00    0.8001768114E+03    0.0000000000E+00    0.3490000000E+03   -0.1000000000E+01    0.2865329513E-02
   438    0.7046683481E+00    0.6799869135E+00    0.7902773529E+03    0.0000000000E+00    0.4220000000E+03   -0.1000000000E+01    0.2369668246E-02
   439    0.7561038833E+00    0.6800423407E+00    0.7310620272E+03    0.0000000000E+00    0.5120000000E+03   -0.1000000000E+01    0.1953125000E-02
   440    0.6754812850E+00    0.6800315577E+00    0.8004763978E+03    0.0000000000E+00    0.1100000000E+03   -0.1000000000E+01    0.9090909091E-02
   441    0.6755735949E+00    0.6800317672E+00    0.8004758821E+03    0.0000000000E+00    0.1260000000E+03   -0.1000000000E+01    0.7936507937E-02
   442    0.6753888022E+00    0.6800294751E+00    0.8004766397E+03    0.0000000000E+00    0.1060000000E+03   -0.1000000000E+01    0.9433962264E-02
   443    0.5913703630E+00    0.6800256495E+00    0.7473033447E+03    0.0000000000E+00    0.4890000000E+03   -0.1000000000E+01    0.2044989775E-02
   444    0.6754430490E+00    0.7215157991E+00    0.7806136301E+03    0.0000000000E+00    0.4430000000E+03   -0.1000000000E+01    0.2257336343E-02
   445    0.6755561275E+00    0.6800232958E+00    0.8004756426E+03    0.0000000000E+00    0.1300000000E+03   -0.1000000000E+01    0.7692307692E-02
   446    0.6754451936E+00    0.6800515507E+00    0.8004773936E+03    0.0000000000E+00    0.8600000000E+02   -0.1000000000E+01    0.1162790698E-01
   447    0.6754576238E+00    0.6799869151E+00    0.8004745851E+03    0.0000000000E+00    0.1570000000E+03   -0.1000000000E+01    0.6369426752E-02
   448    0.6754579866E+00    0.6799973845E+00    0.8004750365E+03    0.0000000000E+00    0.1470000000E+03   -0.1000000000E+01    0.6802721088E-02
   449    0.6754683921E+00    0.6800478791E+00    0.8004771423E+03    0.0000000000E+00    0.9400000000E+02   -0.1000000000E+01    0.1063829787E-01
   450    0.6755037501E+00    0.6800260192E+00    0.8004760541E+03    0.0000000000E+00    0.1200000000E+03   -0.1000000000E+01    0.8333333333E-02
   451    0.6755218928E+00    0.6800446834E+00    0.8004767395E+03    0.0000000000E+00    0.1040000000E+03   -0.1000000000E+01    0.9615384615E-02
   452    0.6754990301E+00    0.6800354673E+00    0.8004764765E+03    0.0000000000E+00    0.1080000000E+03   -0.1000000000E+01    0.9259259259E-02
   453    0.6754330994E+00    0.6800172321E+00    0.8004759825E+03    0.0000000000E+00    0.1240000000E+03   -0.1000000000E+01    0.8064516129E-02
   454    0.6754330506E+00    0.6800205685E+00    0.8004761259E+03    0.0000000000E+00    0.1170000000E+03   -0.1000000000E+01    0.8547008547E-02
   455    0.6754598760E+00    0.6800073811E+00    0.8004754599E+03    0.0000000000E+00    0.1320000000E+03   -0.1000000000E+01    0.7575757576E-02
   456    0.6754693519E+00    0.6800035015E+00    0.8004752550E+03    0.0000000000E+00    0.1400000000E+03   -0.1000000000E+01    0.7142857143E-02
   457    0.6754660441E+00    0.6800207084E+00    0.8004760055E+03    0.0000000000E+00    0.1220000000E+03   -0.1000000000E+01    0.8196721311E-02
   458    0.6754354712E+00    0.6800207907E+00    0.8004761269E+03    0.0000000000E+00    0.1150000000E+03   -0.1000000000E+01    0.8695652174E-02
   459    0.6822056415E+00    0.5882949157E+00    0.7330409143E+03    0.0000000000E+00    0.5090000000E+03   -0.1000000000E+01    0.1964636542E-02
   460    0.6755486197E+00    0.6800563219E+00    0.8004770609E+03    0.0000000000E+00    0.9700000000E+02   -0.1000000000E+01    0.1030927835E-01
   461    0.6755172381E+00    0.6800047218E+00    0.8004750815E+03    0.0000000000E+00    0.1450000000E+03   -0.1000000000E+01    0.6896551724E-02
   462    0.6754987654E+00    0.6800259552E+00    0.8004760768E+03    0.0000000000E+00    0.1180000000E+03   -0.1000000000E+01    0.8474576271E-02
   463    0.6460745154E+00    0.6799868144E+00    0.7918698687E+03    0.0000000000E+00    0.4130000000E+03   -0.1000000000E+01    0.2421307506E-02
   464    0.6754707211E+00    0.6799911323E+00    0.8004747154E+03    0.0000000000E+00    0.1540000000E+03   -0.1000000000E+01    0.6493506494E-02
   465    0.6754768719E+00    0.6904522800E+00    0.7995434400E+03    0.0000000000E+00    0.3640000000E+03   -0.1000000000E+01    0.2747252747E-02
   466    0.6754906978E+00    0.6800497859E+00    0.8004771175E+03    0.0000000000E+00    0.9500000000E+02   -0.1000000000E+01    0.1052631579E-01
   467    0.6754502074E+00    0.6800078224E+00    0.8004755167E+03    0.0000000000E+00    0.1310000000E+03   -0.1000000000E+01    0.7633587786E-02
   468    0.6754280855E+00    0.6800609605E+00    0.8004778530E+03    0.0000000000E+00    0.7200000000E+02   -0.1000000000E+01    0.1388888889E-01
   469    0.6754958396E+00    0.6800729566E+00    0.8004780506E+03    0.0000000000E+00    0.6500000000E+02   -0.1000000000E+01    0.1538461538E-01
   470    0.6754595938E+00    0.6800040559E+00    0.8004753191E+03    0.0000000000E+00    0.1370000000E+03   -0.1000000000E+01    0.7299270073E-02
   471    0.6754828766E+00    0.6800450131E+00    0.8004769556E+03    0.0000000000E+00    0.1000000000E+03   -0.1000000000E+01    0.1000000000E-01
   472    0.6754842098E+00    0.6800512210E+00    0.8004772088E+03    0.0000000000E+00    0.9200000000E+02   -0.1000000000E+01    0.1086956522E-01
   473    0.7613668798E+00    0.6800060675E+00    0.7232752696E+03    0.0000000000E+00    0.5180000000E+03   -0.1000000000E+01    0.1930501931E-02
   474    0.6701953326E+00    0.6800321859E+00    0.8001894494E+03    0.0000000000E+00    0.3480000000E+03   -0.1000000000E+01    0.2873563218E-02
   475    0.5868639168E+00    0.6800532027E+00    0.7428308194E+03    0.0000000000E+00    0.4980000000E+03   -0.1000000000E+01    0.2008032129E-02
   476    0.6754693561E+00    0.6800519461E+00    0.8004773087E+03    0.0000000000E+00    0.8900000000E+02   -0.1000000000E+01    0.1123595506E-01
   477    0.5884887518E+00    0.6800743248E+00    0.7444565568E+03    0.0000000000E+00    0.4930000000E+03   -0.1000000000E+01    0.2028397566E-02
   478    0.6755194977E+00    0.6800487985E+00    0.8004769234E+03    0.0000000000E+00    0.1020000000E+03   -0.1000000000E+01    0.9803921569E-02
   479    0.6753960880E+00    0.6800536305E+00    0.8004776480E+03    0.0000000000E+00    0.7700000000E+02   -0.1000000000E+01    0.1298701299E-01
   480    0.6753691842E+00    0.6800488383E+00    0.8004775134E+03    0.0000000000E+00    0.7800000000E+02   -0.1000000000E+01    0.1282051282E-01
   481    0.6754978825E+00    0.6800309786E+00    0.8004762935E+03    0.0000000000E+00    0.1120000000E+03   -0.1000000000E+01    0.8928571429E-02
   482    0.7513407729E+00    0.6800265983E+00    0.7379612827E+03    0.0000000000E+00    0.5030000000E+03   -0.1000000000E+01    0.1988071571E-02
   483    0.6755059923E+00    0.6800721382E+00    0.8004779628E+03    0.0000000000E+00    0.6800000000E+02   -0.1000000000E+01    0.1470588235E-01
   484    0.6754179329E+00    0.6800617788E+00    0.8004779231E+03    0.0000000000E+00    0.7000000000E+02   -0.1000000000E+01    0.1428571429E-01
   485    0.6755220963E+00    0.6800497736E+00    0.8004769495E+03    0.0000000000E+00    0.1010000000E+03   -0.1000000000E+01    0.9900990099E-02
   486    0.5872148346E+00    0.6800437083E+00    0.7431804997E+03    0.0000000000E+00    0.4960000000E+03   -0.1000000000E+01    0.2016129032E-02
   487    0.6754266281E+00    0.6800599754E+00    0.8004778172E+03    0.0000000000E+00    0.7300000000E+02   -0.1000000000E+01    0.1369863014E-01
   488    0.6754708135E+00    0.6800529312E+00    0.8004773427E+03    0.0000000000E+00    0.8700000000E+02   -0.1000000000E+01    0.1149425287E-01
   489    0.6755037275E+00    0.6800478828E+00    0.8004769717E+03    0.0000000000E+00    0.9800000000E+02   -0.1000000000E+01    0.1020408163E-01
   490    0.6754373058E+00    0.6800766245E+00    0.8004784707E+03    0.0000000000E+00    0.5100000000E+02   -0.1000000000E+01    0.1960784314E-01
   491    0.6753957207E+00    0.6800661602E+00    0.8004781771E+03    0.0000000000E+00    0.6200000000E+02   -0.1000000000E+01    0.1612903226E-01
   492    0.6755282045E+00    0.6800677568E+00    0.8004776566E+03    0.0000000000E+00    0.7600000000E+02   -0.1000000000E+01    0.1315789474E-01
   493    0.6754982729E+00    0.7530105894E+00    0.7428328762E+03    0.0000000000E+00    0.4970000000E+03   -0.1000000000E+01    0.2012072435E-02
   494    0.6754669229E+00    0.6800470387E+00    0.8004771144E+03    0.0000000000E+00    0.9600000000E+02   -0.1000000000E+01    0.1041666667E-01
   495    0.6754537464E+00    0.6800742449E+00    0.8004783040E+03    0.0000000000E+00    0.5700000000E+02   -0.1000000000E+01    0.1754385965E-01
   496    0.6754628510E+00    0.6800819704E+00    0.8004785821E+03    0.0000000000E+00    0.4800000000E+02   -0.1000000000E+01    0.2083333333E-01
   497    0.6462292196E+00    0.6800415424E+00    0.7919644127E+03    0.0000000000E+00    0.4110000000E+03   -0.1000000000E+01    0.2433090024E-02
   498    0.6206606412E+00    0.6800329055E+00    0.7740971358E+03    0.0000000000E+00    0.4520000000E+03   -0.1000000000E+01    0.2212389381E-02
   499    0.6754438403E+00    0.6800541575E+00    0.8004775085E+03    0.0000000000E+00    0.7900000000E+02   -0.1000000000E+01    0.1265822785E-01
   500    0.6754534352E+00    0.6800531453E+00    0.8004774277E+03    0.0000000000E+00    0.8500000000E+02   -0.1000000000E+01    0.1176470588E-01
   501    0.6754905089E+00    0.6800749736E+00    0.8004781613E+03    0.0000000000E+00    0.6300000000E+02   -0.1000000000E+01    0.1587301587E-01
   502    0.6754334162E+00    0.6800589434E+00    0.8004777490E+03    0.0000000000E+00    0.7400000000E+02   -0.1000000000E+01    0.1351351351E-01
   503    0.6754536395E+00    0.6567015049E+00    0.7933269887E+03    0.0000000000E+00    0.4050000000E+03   -0.1000000000E+01    0.2469135802E-02
   504    0.6753466036E+00    0.6520469395E+00    0.7906135076E+03    0.0000000000E+00    0.4200000000E+03   -0.1000000000E+01    0.2380952381E-02
   505    0.6754311172E+00    0.6800516484E+00    0.8004774514E+03    0.0000000000E+00    0.8400000000E+02   -0.1000000000E+01    0.1190476190E-01
   506    0.6753930563E+00    0.6800629426E+00    0.8004780497E+03    0.0000000000E+00    0.6600000000E+02   -0.1000000000E+01    0.1515151515E-01
   507    0.6754090957E+00    0.6800615113E+00    0.8004779415E+03    0.0000000000E+00    0.6900000000E+02   -0.1000000000E+01    0.1449275362E-01
   508    0.7067523681E+00    0.6800745123E+00    0.7887648526E+03    0.0000000000E+00    0.4260000000E+03   -0.1000000000E+01    0.2347417840E-02
   509    0.6754370365E+00    0.6800837103E+00    0.8004787642E+03    0.0000000000E+00    0.4100000000E+02   -0.1000000000E+01    0.2439024390E-01
   510    0.6754631203E+00    0.6800748845E+00    0.8004782892E+03    0.0000000000E+00    0.5900000000E+02   -0.1000000000E+01    0.1694915254E-01
   511    0.6754505324E+00    0.6800535006E+00    0.8004774542E+03    0.0000000000E+00    0.8300000000E+02   -0.1000000000E+01    0.1204819277E-01
   512    0.6754163691E+00    0.7333181533E+00    0.7680681530E+03    0.0000000000E+00    0.4570000000E+03   -0.1000000000E+01    0.2188183807E-02
   513    0.6754647574E+00    0.6800771789E+00    0.8004783761E+03    0.0000000000E+00    0.5400000000E+02   -0.1000000000E+01    0.1851851852E-01
   514    0.6754886025E+00    0.6800797650E+00    0.8004783678E+03    0.0000000000E+00    0.5500000000E+02   -0.1000000000E+01    0.1818181818E-01
   515    0.6754760140E+00    0.6800516724E+00    0.8004772661E+03    0.0000000000E+00    0.9000000000E+02   -0.1000000000E+01    0.1111111111E-01
   516    0.6754520360E+00    0.6800537061E+00    0.8004774562E+03    0.0000000000E+00    0.8200000000E+02   -0.1000000000E+01    0.1219512195E-01
   517    0.6754949540E+00    0.6800527958E+00    0.8004772206E+03    0.0000000000E+00    0.9100000000E+02   -0.1000000000E+01    0.1098901099E-01
   518    0.6754929833E+00    0.6800463080E+00    0.8004769606E+03    0.0000000000E+00    0.9900000000E+02   -0.1000000000E+01    0.1010101010E-01
   519    0.6920018868E+00    0.6800567240E+00    0.7971961834E+03    0.0000000000E+00    0.3850000000E+03   -0.1000000000E+01    0.2597402597E-02
   520    0.6754586554E+00    0.5993897093E+00    0.7441608788E+03    0.0000000000E+00    0.4940000000E+03   -0.1000000000E+01    0.2024291498E-02
   521    0.6754718334E+00    0.6800740000E+00    0.8004782133E+03    0.0000000000E+00    0.6000000000E+02   -0.1000000000E+01    0.1666666667E-01
   522    0.6754283234E+00    0.6800845949E+00    0.8004788339E+03    0.0000000000E+00    0.3600000000E+02   -0.1000000000E+01    0.2777777778E-01
   523    0.6754124366E+00    0.6800853373E+00    0.8004789220E+03    0.0000000000E+00    0.3000000000E+02   -0.1000000000E+01    0.3333333333E-01
   524    0.6754784999E+00    0.6800575935E+00    0.8004775018E+03    0.0000000000E+00    0.8000000000E+02   -0.1000000000E+01    0.1250000000E-01
   525    0.7276432485E+00    0.6800802203E+00    0.7688164656E+03    0.0000000000E+00    0.4560000000E+03   -0.1000000000E+01    0.2192982456E-02
   526    0.7733411612E+00    0.6800783746E+00    0.7049646378E+03    0.0000000000E+00    0.5330000000E+03   -0.1000000000E+01    0.1876172608E-02
   527    0.6754484382E+00    0.6800831655E+00    0.8004786947E+03    0.0000000000E+00    0.4500000000E+02   -0.1000000000E+01    0.2222222222E-01
   528    0.6754517186E+00    0.6800754294E+00    0.8004783618E+03    0.0000000000E+00    0.5600000000E+02   -0.1000000000E+01    0.1785714286E-01
   529    0.6754373517E+00    0.6800771434E+00    0.8004784912E+03    0.0000000000E+00    0.5000000000E+02   -0.1000000000E+01    0.2000000000E-01
   530    0.6754369906E+00    0.6800831914E+00    0.8004787432E+03    0.0000000000E+00    0.4400000000E+02   -0.1000000000E+01    0.2272727273E-01
   531    0.6754686550E+00    0.6800525271E+00    0.8004773365E+03    0.0000000000E+00    0.8800000000E+02   -0.1000000000E+01    0.1136363636E-01
   532    0.6754283687E+00    0.6800522680E+00    0.8004774872E+03    0.0000000000E+00    0.8100000000E+02   -0.1000000000E+01    0.1234567901E-01
   533    0.6755204354E+00    0.7693845496E+00    0.7193882926E+03    0.0000000000E+00    0.5240000000E+03   -0.1000000000E+01    0.1908396947E-02
   534    0.7385178010E+00    0.6637092053E+00    0.7576548431E+03    0.0000000000E+00    0.4720000000E+03   -0.1000000000E+01    0.2118644068E-02
   535    0.6753548996E+00    0.6801025381E+00    0.8004797964E+03    0.0000000000E+00    0.1100000000E+02   -0.1000000000E+01    0.9090909091E-01
   536    0.6753792820E+00    0.6800981228E+00    0.8004795535E+03    0.0000000000E+00    0.1600000000E+02   -0.1000000000E+01    0.6250000000E-01
   537    0.6754298451E+00    0.6800854067E+00    0.8004788613E+03    0.0000000000E+00    0.3400000000E+02   -0.1000000000E+01    0.2941176471E-01
   538    0.6755001747E+00    0.6800446117E+00    0.8004768538E+03    0.0000000000E+00    0.1030000000E+03   -0.1000000000E+01    0.9708737864E-02
   539    0.5956578844E+00    0.6800845928E+00    0.7515029582E+03    0.0000000000E+00    0.4840000000E+03   -0.1000000000E+01    0.2066115702E-02
   540    0.6754139360E+00    0.6800853394E+00    0.8004789175E+03    0.0000000000E+00    0.3100000000E+02   -0.1000000000E+01    0.3225806452E-01
   541    0.6754170672E+00    0.6598381960E+00    0.7949324581E+03    0.0000000000E+00    0.3970000000E+03   -0.1000000000E+01    0.2518891688E-02
   542    0.6754242758E+00    0.6800739902E+00    0.8004784101E+03    0.0000000000E+00    0.5300000000E+02   -0.1000000000E+01    0.1886792453E-01
   543    0.6754107007E+00    0.6800853554E+00    0.8004789288E+03    0.0000000000E+00    0.2900000000E+02   -0.1000000000E+01    0.3448275862E-01
   544    0.6754300592E+00    0.6800845768E+00    0.8004788267E+03    0.0000000000E+00    0.3700000000E+02   -0.1000000000E+01    0.2702702703E-01
   545    0.6754627088E+00    0.6800655813E+00    0.8004779062E+03    0.0000000000E+00    0.7100000000E+02   -0.1000000000E+01    0.1408450704E-01
   546    0.6754457330E+00    0.6800711711E+00    0.8004782105E+03    0.0000000000E+00    0.6100000000E+02   -0.1000000000E+01    0.1639344262E-01
   547    0.6754792617E+00    0.6800723771E+00    0.8004781101E+03    0.0000000000E+00    0.6400000000E+02   -0.1000000000E+01    0.1562500000E-01
   548    0.6754598733E+00    0.6800608886E+00    0.8004777232E+03    0.0000000000E+00    0.7500000000E+02   -0.1000000000E+01    0.1333333333E-01
   549    0.6754616541E+00    0.6584725924E+00    0.7942584161E+03    0.0000000000E+00    0.4010000000E+03   -0.1000000000E+01    0.2493765586E-02
   550    0.6754045289E+00    0.6800812580E+00    0.8004787795E+03    0.0000000000E+00    0.4000000000E+02   -0.1000000000E+01    0.2500000000E-01
   551    0.6754430097E+00    0.6777174250E+00    0.8003124803E+03    0.0000000000E+00    0.3430000000E+03   -0.1000000000E+01    0.2915451895E-02
   552    0.6754389531E+00    0.6590686749E+00    0.7945563597E+03    0.0000000000E+00    0.3980000000E+03   -0.1000000000E+01    0.2512562814E-02
   553    0.6754365173E+00    0.6800844201E+00    0.8004787951E+03    0.0000000000E+00    0.3800000000E+02    0.1900000000E+02    0.2631578947E-01
   554    0.6754025068E+00    0.6800855302E+00    0.8004789628E+03    0.0000000000E+00    0.2500000000E+02    0.2600000000E+02    0.4000000000E-01
   555    0.6753721147E+00    0.6800786352E+00    0.8004787635E+03    0.0000000000E+00    0.4200000000E+02    0.1700000000E+02    0.2380952381E-01
   556    0.6754070606E+00    0.6800978931E+00    0.8004794578E+03    0.0000000000E+00    0.1700000000E+02    0.3400000000E+02    0.5882352941E-01
   557    0.6754714602E+00    0.6800787952E+00    0.8004784121E+03    0.0000000000E+00    0.5200000000E+02    0.1200000000E+02    0.1923076923E-01
   558    0.6754655805E+00    0.6800841353E+00    0.8004786585E+03    0.0000000000E+00    0.4600000000E+02    0.1500000000E+02    0.2173913043E-01
   559    0.6752773084E+00    0.6801213208E+00    0.8004806842E+03    0.0000000000E+00    0.3000000000E+01    0.4600000000E+02    0.3333333333E+00
   560    0.6752823573E+00    0.6801195583E+00    0.8004806084E+03    0.0000000000E+00    0.7000000000E+01    0.4200000000E+02    0.1428571429E+00
   561    0.6754091838E+00    0.6800843468E+00    0.8004788924E+03    0.0000000000E+00    0.3300000000E+02    0.2100000000E+02    0.3030303030E-01
   562    0.7387710550E+00    0.6800856035E+00    0.7551543882E+03    0.0000000000E+00    0.4750000000E+03    0.4000000000E+01    0.2105263158E-02
   563    0.6754251750E+00    0.6800866114E+00    0.8004789292E+03    0.0000000000E+00    0.2800000000E+02    0.2300000000E+02    0.3571428571E-01
   564    0.6754563886E+00    0.6800742246E+00    0.8004782916E+03    0.0000000000E+00    0.5800000000E+02    0.1100000000E+02    0.1724137931E-01
   565    0.6753335079E+00    0.6800917334E+00    0.8004793902E+03    0.0000000000E+00    0.2000000000E+02    0.3100000000E+02    0.5000000000E-01
   566    0.6705809869E+00    0.6800961602E+00    0.8002357991E+03    0.0000000000E+00    0.3460000000E+03    0.9000000000E+01    0.2890173410E-02
   567    0.6753465422E+00    0.6801058596E+00    0.8004799513E+03    0.0000000000E+00    0.9000000000E+01    0.4000000000E+02    0.1111111111E+00
   568    0.6754207940E+00    0.6800820159E+00    0.8004787563E+03    0.0000000000E+00    0.4300000000E+02    0.1600000000E+02    0.2325581395E-01
   569    0.6753708160E+00    0.6800975940E+00    0.8004795542E+03    0.0000000000E+00    0.1500000000E+02    0.3500000000E+02    0.6666666667E-01
   570    0.6753633656E+00    0.6587661395E+00    0.7943955546E+03    0.0000000000E+00    0.4000000000E+03    0.6000000000E+01    0.2500000000E-02
   571    0.5815082770E+00    0.6800799901E+00    0.7374265388E+03    0.0000000000E+00    0.5050000000E+03    0.2000000000E+01    0.1980198020E-02
   572    0.5936546188E+00    0.6801079034E+00    0.7495581507E+03    0.0000000000E+00    0.4850000000E+03    0.3000000000E+01    0.2061855670E-02
   573    0.6753603427E+00    0.6800910145E+00    0.8004793067E+03    0.0000000000E+00    0.2100000000E+02    0.3000000000E+02    0.4761904762E-01
   574    0.6379904357E+00    0.6800968609E+00    0.7870208085E+03    0.0000000000E+00    0.4300000000E+03    0.5000000000E+01    0.2325581395E-02
   575    0.6753678135E+00    0.6801029656E+00    0.8004797831E+03    0.0000000000E+00    0.1200000000E+02    0.3800000000E+02    0.8333333333E-01
   576    0.6753663681E+00    0.6800976953E+00    0.8004795695E+03    0.0000000000E+00    0.1400000000E+02    0.3600000000E+02    0.7142857143E-01
   577    0.6755570837E+00    0.6801078837E+00    0.8004790929E+03    0.0000000000E+00    0.2400000000E+02    0.2700000000E+02    0.4166666667E-01
   578    0.6751994865E+00    0.6800858142E+00    0.8004791604E+03    0.0000000000E+00    0.2200000000E+02    0.2900000000E+02    0.4545454545E-01
   579    0.6582824733E+00    0.6800920277E+00    0.7974088411E+03    0.0000000000E+00    0.3800000000E+03    0.8000000000E+01    0.2631578947E-02
   580    0.6753354426E+00    0.6801055652E+00    0.8004799608E+03    0.0000000000E+00    0.8000000000E+01    0.4100000000E+02    0.1250000000E+00
   581    0.6752105276E+00    0.6801337415E+00    0.8004811924E+03    0.0000000000E+00    0.1000000000E+01    0.4800000000E+02    0.1000000000E+01
   582    0.6754968401E+00    0.6800721561E+00    0.8004780121E+03    0.0000000000E+00    0.6700000000E+02    0.1000000000E+02    0.1492537313E-01
   583    0.6752808269E+00    0.6801203966E+00    0.8004806435E+03    0.0000000000E+00    0.5000000000E+01    0.4400000000E+02    0.2000000000E+00
   584    0.6752788389E+00    0.7761998347E+00    0.7093355883E+03    0.0000000000E+00    0.5310000000E+03    0.1000000000E+01    0.1883239171E-02
   585    0.6753800323E+00    0.6800809145E+00    0.8004788377E+03    0.0000000000E+00    0.3500000000E+02    0.2000000000E+02    0.2857142857E-01
   586    0.6754251329E+00    0.6800991945E+00    0.8004794465E+03    0.0000000000E+00    0.1900000000E+02    0.3200000000E+02    0.5263157895E-01
   587    0.6754153848E+00    0.6800857765E+00    0.8004789300E+03    0.0000000000E+00    0.2700000000E+02    0.2400000000E+02    0.3703703704E-01
   588    0.6754350684E+00    0.6800839830E+00    0.8004787826E+03    0.0000000000E+00    0.3900000000E+02    0.1800000000E+02    0.2564102564E-01
   589    0.6753995544E+00    0.6800851439E+00    0.8004789567E+03    0.0000000000E+00    0.2600000000E+02    0.2500000000E+02    0.3846153846E-01
   590    0.6754121363E+00    0.6800847331E+00    0.8004788986E+03    0.0000000000E+00    0.3200000000E+02    0.2200000000E+02    0.3125000000E-01
   591    0.6754098245E+00    0.6800904561E+00    0.8004791428E+03    0.0000000000E+00    0.2300000000E+02    0.2800000000E+02    0.4347826087E-01
   592    0.6574475315E+00    0.6800859139E+00    0.7971102456E+03    0.0000000000E+00    0.3860000000E+03    0.7000000000E+01    0.2590673575E-02
   593    0.6753921444E+00    0.6800964253E+00    0.8004794468E+03    0.0000000000E+00    0.1800000000E+02    0.3300000000E+02    0.5555555556E-01
   594    0.6753827297E+00    0.6801044334E+00    0.8004798038E+03    0.0000000000E+00    0.1000000000E+02    0.3900000000E+02    0.1000000000E+00
   595    0.6752830325E+00    0.6801198334E+00    0.8004806179E+03    0.0000000000E+00    0.6000000000E+01    0.4300000000E+02    0.1666666667E+00
   596    0.6752766333E+00    0.6801210456E+00    0.8004806730E+03    0.0000000000E+00    0.4000000000E+01    0.4500000000E+02    0.2500000000E+00
   597    0.6754005809E+00    0.6801005453E+00    0.8004795878E+03    0.0000000000E+00    0.1300000000E+02    0.3700000000E+02    0.7692307692E-01
   598    0.6752445410E+00    0.6801237411E+00    0.8004807922E+03    0.0000000000E+00    0.2000000000E+01    0.4700000000E+02    0.5000000000E+00
   599    0.6754280617E+00    0.6800783474E+00    0.8004785779E+03    0.0000000000E+00    0.4900000000E+02    0.1300000000E+02    0.2040816327E-01
   600    0.6754327313E+00    0.6800800629E+00    0.8004786299E+03    0.0000000000E+00    0.4700000000E+02    0.1400000000E+02    0.2127659574E-01
